functional magnetic resonance imaging,1/2,51,0,1,0,0,0,0,4
bank holding company,1/1,101,0,1,0,0,0,0,6
board of directors,1/1,101,0,1,0,0,0,0,11
color television system,1/4,26,0,1,0,0,0,0,10
court of appeals,1/1,101,0,1,0,0,0,0,9
database management system,2/3,67,0,2,0,0,0,0,6
gross national product,1/2,51,0,1,0,0,0,0,4
law of motion,6/10,61,0,6,0,0,0,0,10
law of thermodynamics,4/6,67,0,4,0,0,0,0,6
letter of credit,3/6,51,0,3,0,0,0,0,6
line of force,2/2,101,0,2,0,0,0,0,11
magnetic resonance imaging,2/4,51,0,1,1,0,0,0,5
middle cerebral vein,2/2,101,0,2,0,0,0,0,9
theory of relativity,4/8,51,0,4,0,0,0,0,8
transitive verb form,1/2,51,0,1,0,0,0,0,5
yellow lady's slipper,1/2,51,0,1,0,0,0,0,9
air defense,2/2,101,0,2,0,0,0,0,8
alveolar artery,2/4,51,0,2,0,0,0,0,11
anemone fish,1/2,51,0,1,0,0,0,0,7
apple jelly,1/1,101,0,1,0,0,0,0,5
arc lamp,1/3,34,0,1,0,0,0,0,5
arrow arum,1/3,34,0,1,0,0,0,0,5
arteria alveolaris,2/4,51,0,2,0,0,0,0,8
arteria gastrica,2/7,29,0,2,0,0,0,0,5
arteria labialis,2/4,51,0,2,0,0,0,0,8
assisted suicide,1/1,101,0,1,0,0,0,0,11
au pair,1/1,101,0,1,0,0,0,0,6
automobile insurance,1/2,51,0,1,0,0,0,0,4
bank loan,1/3,34,0,1,0,0,0,0,6
bark beetle,1/4,26,0,1,0,0,0,0,9
beech fern,5/11,46,0,5,0,0,0,0,11
bench press,1/1,101,0,1,0,0,0,0,9
bird cherry,2/6,34,0,2,0,0,0,0,5
bishop's cap,1/4,26,0,1,0,0,0,0,5
bladder fern,3/10,31,0,3,0,0,0,0,5
blind snake,1/2,51,0,1,0,0,0,0,10
body temperature,1/2,51,0,1,0,0,0,0,4
bog asphodel,2/4,51,0,2,0,0,0,0,10
boiled egg,1/3,34,0,1,0,0,0,0,4
bone marrow,2/4,51,0,2,0,0,0,0,4
bottlenose dolphin,2/4,51,0,2,0,0,0,0,4
box elder,1/2,51,0,1,0,0,0,0,14
box turtle,1/2,51,0,1,0,0,0,0,8
brant goose,1/2,51,0,1,0,0,0,0,6
bull terrier,3/6,51,0,3,0,0,0,0,12
bush shrike,1/2,51,0,1,0,0,0,0,14
butt welding,1/2,51,0,1,0,0,0,0,4
button quail,1/2,51,0,1,0,0,0,0,7
butyric acid,3/3,101,0,2,1,0,0,0,8
cadmium sulfide,1/1,101,0,1,0,0,0,0,6
cardinal vein,3/3,101,0,3,0,0,0,0,9
carline thistle,2/4,51,0,2,0,0,0,0,5
carotid artery,3/5,61,0,3,0,0,0,0,6
carpet beetle,2/3,67,0,2,0,0,0,0,9
cell death,2/3,67,0,2,0,0,0,0,10
central gyrus,2/2,101,0,2,0,0,0,0,4
cerebellar artery,2/2,101,0,2,0,0,0,0,10
cerebral artery,3/10,31,0,3,0,0,0,0,10
cerebral vein,8/14,58,0,6,2,0,0,0,10
chain fern,1/2,51,0,1,0,0,0,0,10
channel cat,2/4,51,0,2,0,0,0,0,4
charge account,1/1,101,0,1,0,0,0,0,11
chemical mechanism,1/1,101,0,1,0,0,0,0,4
clam chowder,2/2,101,0,2,0,0,0,0,12
clean room,1/1,101,0,1,0,0,0,0,14
clothes moth,2/5,41,0,2,0,0,0,0,7
color television,2/4,51,0,2,0,0,0,0,17
color tube,1/4,26,0,1,0,0,0,0,10
colour tube,1/4,26,0,1,0,0,0,0,9
common divisor,1/3,34,0,1,0,0,0,0,9
common factor,2/3,67,0,2,0,0,0,0,10
communications technology,1/1,101,0,1,0,0,0,0,9
conic projection,1/1,101,0,1,0,0,0,0,5
coral root,4/7,58,0,4,0,0,0,0,9
coral snake,3/5,61,0,3,0,0,0,0,9
corn salad,1/4,26,0,1,0,0,0,0,9
coronary artery,2/3,67,0,2,0,0,0,0,4
coronoid process,1/1,101,0,1,0,0,0,0,17
correlation coefficient,5/9,56,0,5,0,0,0,0,8
cotton grass,1/2,51,0,1,0,0,0,0,10
counter tube,2/7,29,0,1,1,0,0,0,8
crab apple,2/8,26,0,2,0,0,0,0,5
cricket frog,2/4,51,0,2,0,0,0,0,6
cypress pine,3/11,28,0,3,0,0,0,0,7
darling pea,2/5,41,0,2,0,0,0,0,8
data structure,1/2,51,0,1,0,0,0,0,11
death benefit,1/2,51,0,1,0,0,0,0,8
debt ceiling,1/1,101,0,1,0,0,0,0,10
delay line,3/3,101,0,3,0,0,0,0,11
diabetes insipidus,1/1,101,0,1,0,0,0,0,13
diabetes mellitus,6/24,26,0,6,0,0,0,0,7
diathermy machine,2/2,101,0,2,0,0,0,0,11
dipole moment,2/2,101,0,2,0,0,0,0,10
distribution law,2/2,101,0,2,0,0,0,0,15
double standard,1/1,101,0,1,0,0,0,0,20
dry dock,1/2,51,0,1,0,0,0,0,8
dry milk,1/1,101,0,1,0,0,0,0,8
ductus arteriosus,1/1,101,0,1,0,0,0,0,8
electronic deception,3/6,51,0,3,0,0,0,0,12
epigastric vein,3/6,51,0,3,0,0,0,0,12
everlasting pea,2/6,34,0,2,0,0,0,0,5
facial vein,2/5,41,0,2,0,0,0,0,11
fairy lantern,2/8,26,0,2,0,0,0,0,5
false indigo,2/8,26,0,2,0,0,0,0,4
false mallow,1/4,26,0,1,0,0,0,0,6
feedback circuit,1/2,51,0,1,0,0,0,0,5
female body,1/2,51,0,1,0,0,0,0,4
fence lizard,2/7,29,0,2,0,0,0,0,4
field strength,1/4,26,0,1,0,0,0,0,7
file server,2/2,101,0,2,0,0,0,0,13
finance company,4/8,51,0,4,0,0,0,0,7
fish cake,1/2,51,0,1,0,0,0,0,4
fly honeysuckle,1/1,101,0,1,0,0,0,0,7
flying fish,4/4,101,0,4,0,0,0,0,10
four o'clock,5/16,32,0,5,0,0,0,0,6
fox terrier,2/2,101,0,2,0,0,0,0,14
fur seal,1/2,51,0,1,0,0,0,0,10
gastric artery,3/7,43,0,3,0,0,0,0,7
gastric vein,2/5,41,0,2,0,0,0,0,6
geniculate body,2/6,34,0,2,0,0,0,0,8
genitive case,1/2,51,0,1,0,0,0,0,10
globe lily,3/8,38,0,3,0,0,0,0,8
golden aster,3/4,76,0,3,0,0,0,0,10
grain moth,1/3,34,0,1,0,0,0,0,9
grainy club,1/1,101,0,1,0,0,0,0,9
grand piano,3/8,38,0,3,0,0,0,0,4
grape fern,3/10,31,0,3,0,0,0,0,9
grape hyacinth,1/4,26,0,1,0,0,0,0,4
grass snake,1/2,51,0,1,0,0,0,0,6
harmonic motion,1/1,101,0,1,0,0,0,0,8
heart failure,1/2,51,0,1,0,0,0,0,6
heart surgery,2/8,26,0,2,0,0,0,0,11
holding company,2/2,101,0,1,1,0,0,0,8
holly fern,3/7,43,0,3,0,0,0,0,10
hop hornbeam,2/6,34,0,2,0,0,0,0,5
horned lizard,1/2,51,0,1,0,0,0,0,7
horned owl,1/2,51,0,1,0,0,0,0,7
hydroxybutyric acid,1/1,101,0,1,0,0,0,0,6
ice cream,5/7,72,0,5,0,0,0,0,7
iliac artery,3/4,76,0,3,0,0,0,0,8
iliac vein,3/4,76,0,3,0,0,0,0,8
immune response,2/5,41,0,2,0,0,0,0,7
indigo snake,1/2,51,0,1,0,0,0,0,11
industry analyst,1/1,101,0,1,0,0,0,0,5
jugular vein,3/3,101,0,3,0,0,0,0,10
jumping mouse,1/2,51,0,1,0,0,0,0,5
kangaroo rat,1/2,51,0,1,0,0,0,0,4
kidney failure,2/4,51,0,2,0,0,0,0,7
kinetic theory,1/1,101,0,1,0,0,0,0,9
labial artery,2/4,51,0,2,0,0,0,0,11
labial vein,2/4,51,0,2,0,0,0,0,13
ladies' tresses,3/8,38,0,3,0,0,0,0,6
lady's slipper,6/23,27,0,5,1,0,0,0,7
lady fern,1/2,51,0,1,0,0,0,0,11
lens implant,3/6,51,0,3,0,0,0,0,8
life insurance,3/6,51,0,3,0,0,0,0,5
linear accelerator,1/1,101,0,1,0,0,0,0,11
lip fern,5/8,63,0,5,0,0,0,0,10
liquid diet,1/1,101,0,1,0,0,0,0,7
live oak,5/13,39,0,5,0,0,0,0,8
logistic support,2/6,34,0,2,0,0,0,0,7
love grass,2/7,29,0,2,0,0,0,0,5
lyre snake,1/2,51,0,1,0,0,0,0,9
maidenhair fern,5/20,26,0,4,1,0,0,0,4
male body,1/2,51,0,1,0,0,0,0,4
mariposa tulip,3/9,34,0,3,0,0,0,0,6
markup language,2/5,41,0,2,0,0,0,0,5
marsh elder,1/3,34,0,1,0,0,0,0,5
marsh wren,2/5,41,0,2,0,0,0,0,10
matrimony vine,1/4,26,0,1,0,0,0,0,7
maxillary artery,2/4,51,0,2,0,0,0,0,4
memory chip,1/1,101,0,1,0,0,0,0,11
meningeal artery,3/3,101,0,3,0,0,0,0,9
mesenteric artery,2/2,101,0,2,0,0,0,0,10
milk vetch,2/7,29,0,2,0,0,0,0,8
mint candy,1/2,51,0,1,0,0,0,0,4
mortality rate,2/5,41,0,2,0,0,0,0,5
mother cell,1/1,101,0,1,0,0,0,0,7
muscle cell,2/3,67,0,2,0,0,0,0,9
muscle fiber,1/3,34,0,1,0,0,0,0,8
muscular dystrophy,6/10,61,0,6,0,0,0,0,8
mushroom pimple,2/2,101,0,2,0,0,0,0,7
myelocytic leukemia,2/4,51,0,2,0,0,0,0,4
nerve end,1/3,34,0,1,0,0,0,0,8
nerve ending,1/3,34,0,1,0,0,0,0,5
nervous system,2/3,67,0,2,0,0,0,0,10
night heron,2/4,51,0,2,0,0,0,0,12
number system,6/17,36,0,0,6,0,0,0,8
observation post,1/2,51,0,1,0,0,0,0,8
oil palm,2/4,51,0,2,0,0,0,0,9
operating system,2/6,34,0,2,0,0,0,0,4
ophthalmic vein,2/2,101,0,2,0,0,0,0,10
orange juice,1/2,51,0,1,0,0,0,0,10
oxybutyric acid,1/1,101,0,1,0,0,0,0,10
pea tree,2/4,51,0,2,0,0,0,0,10
pectoral muscle,2/6,34,0,2,0,0,0,0,7
pinnate leaf,4/7,58,0,4,0,0,0,0,4
pitcher plant,5/16,32,0,5,0,0,0,0,5
pocket gopher,4/8,51,0,4,0,0,0,0,6
pocket mouse,4/8,51,0,4,0,0,0,0,8
poppy mallow,3/6,51,0,3,0,0,0,0,9
potential energy,1/2,51,0,1,0,0,0,0,4
prairie chicken,2/6,34,0,2,0,0,0,0,6
prairie dog,2/4,51,0,2,0,0,0,0,9
preferred stock,1/2,51,0,1,0,0,0,0,9
price index,4/6,67,0,4,0,0,0,0,7
primary color,2/6,34,0,2,0,0,0,0,16
primary colour,2/6,34,0,2,0,0,0,0,15
prince's pine,1/4,26,0,1,0,0,0,0,6
progressive tense,3/6,51,0,3,0,0,0,0,4
pulmonary vein,2/4,51,0,2,0,0,0,0,10
radiation pressure,1/1,101,0,1,0,0,0,0,10
radioactive waste,2/2,101,0,2,0,0,0,0,11
rain forest,2/3,67,0,2,0,0,0,0,5
rat snake,3/11,28,0,3,0,0,0,0,6
read-only memory,2/4,51,0,2,0,0,0,0,4
red oak,4/10,41,0,4,0,0,0,0,8
reed grass,2/5,41,0,2,0,0,0,0,10
rehabilitation program,1/1,101,0,1,0,0,0,0,12
rein orchid,4/11,37,0,4,0,0,0,0,8
reinforcing stimulus,2/4,51,0,2,0,0,0,0,5
relativity theory,2/8,26,0,2,0,0,0,0,11
renal failure,2/4,51,0,2,0,0,0,0,8
reproductive cloning,1/1,101,0,1,0,0,0,0,7
reproductive system,2/2,101,0,2,0,0,0,0,7
respiratory infection,2/2,101,0,2,0,0,0,0,7
respiratory tract,2/2,101,0,2,0,0,0,0,7
reverse hang,1/1,101,0,1,0,0,0,0,7
rhomboid muscle,2/6,34,0,2,0,0,0,0,9
saber-toothed tiger,1/2,51,0,1,0,0,0,0,5
salivary gland,3/8,38,0,3,0,0,0,0,7
sand snake,1/2,51,0,1,0,0,0,0,10
sand verbena,6/14,43,0,6,0,0,0,0,5
saphenous vein,3/3,101,0,3,0,0,0,0,6
savings account,1/4,26,0,1,0,0,0,0,4
scale factor,1/1,101,0,1,0,0,0,0,6
scops owl,2/4,51,0,2,0,0,0,0,6
screw pine,1/3,34,0,1,0,0,0,0,5
screw tree,1/2,51,0,1,0,0,0,0,9
sea lion,5/10,51,0,5,0,0,0,0,11
sea robin,2/5,41,0,2,0,0,0,0,10
sea urchin,1/4,26,0,1,0,0,0,0,5
seek time,1/1,101,0,1,0,0,0,0,16
septal defect,2/2,101,0,2,0,0,0,0,10
serratus posterior,2/2,101,0,2,0,0,0,0,10
service tree,1/2,51,0,1,0,0,0,0,6
sex character,4/7,58,0,4,0,0,0,0,11
sex characteristic,2/7,29,0,2,0,0,0,0,6
shield fern,2/8,26,0,2,0,0,0,0,8
shock therapy,3/10,31,0,3,0,0,0,0,5
shrew mole,2/4,51,0,2,0,0,0,0,10
slime mold,4/6,67,0,4,0,0,0,0,7
slime mushroom,2/2,101,0,2,0,0,0,0,9
snapping turtle,2/6,34,0,2,0,0,0,0,4
soft scale,1/2,51,0,1,0,0,0,0,7
sore throat,2/5,41,0,2,0,0,0,0,9
spider orchid,1/2,51,0,1,0,0,0,0,5
spike rush,3/10,31,0,3,0,0,0,0,7
spindle tree,2/4,51,0,2,0,0,0,0,7
spiny dogfish,2/4,51,0,2,0,0,0,0,7
spotted fever,1/3,34,0,1,0,0,0,0,5
springer spaniel,2/3,67,0,2,0,0,0,0,5
staphylococcal enterotoxin,1/2,51,0,1,0,0,0,0,10
stem-cell research,1/1,101,0,1,0,0,0,0,11
stem cell,1/1,101,0,1,0,0,0,0,15
storage medium,1/3,34,0,1,0,0,0,0,5
strap fern,3/6,51,0,3,0,0,0,0,12
supporting fire,3/3,101,0,3,0,0,0,0,7
suppressor gene,1/1,101,0,1,0,0,0,0,7
surface tension,1/4,26,0,1,0,0,0,0,4
sweet clover,2/5,41,0,2,0,0,0,0,6
tax lien,2/2,101,0,2,0,0,0,0,8
temporal artery,3/6,51,0,3,0,0,0,0,12
temporal vein,3/3,101,0,3,0,0,0,0,9
tent caterpillar,1/2,51,0,1,0,0,0,0,6
thalamostriate vein,2/3,67,0,2,0,0,0,0,4
thyroid vein,3/3,101,0,3,0,0,0,0,9
time scale,3/3,101,0,3,0,0,0,0,7
toy spaniel,1/4,26,0,1,0,0,0,0,5
training program,1/2,51,0,1,0,0,0,0,5
transitive verb,2/2,101,0,2,0,0,0,0,10
tree cricket,1/2,51,0,1,0,0,0,0,6
tuberous begonia,1/2,51,0,1,0,0,0,0,6
vampire bat,1/3,34,0,1,0,0,0,0,9
vena cava,2/4,51,0,2,0,0,0,0,4
vena circumflexa,1/4,26,0,1,0,0,0,0,7
vena gastrica,2/5,41,0,2,0,0,0,0,5
vena pulmonalis,1/4,26,0,1,0,0,0,0,9
vice president,2/3,67,0,2,0,0,0,0,13
vocal cord,4/9,45,0,4,0,0,0,0,7
vocal fold,3/9,34,0,3,0,0,0,0,7
voting system,2/8,26,0,2,0,0,0,0,8
water ouzel,2/4,51,0,2,0,0,0,0,8
water plantain,2/2,101,0,2,0,0,0,0,15
water shrew,3/6,51,0,3,0,0,0,0,8
water spaniel,2/2,101,0,2,0,0,0,0,8
wedding anniversary,3/4,76,0,3,0,0,0,0,5
white-topped aster,1/1,101,0,1,0,0,0,0,15
white pine,4/15,27,0,4,0,0,0,0,6
wild rye,1/4,26,0,1,0,0,0,0,9
witch hazel,2/4,51,0,2,0,0,0,0,9
wolf spider,1/3,34,0,1,0,0,0,0,5
wood fern,4/12,34,0,4,0,0,0,0,10
wood mint,2/4,51,0,2,0,0,0,0,8
wood pewee,1/2,51,0,1,0,0,0,0,9
woolly bear,1/1,101,0,1,0,0,0,0,6
yellow dwarf,3/3,101,0,3,0,0,0,0,8
abasia,7/7,101,0,7,0,0,0,0,11
abortion,8/14,58,0,2,6,0,0,0,8
abscess,1/1,101,0,1,0,0,0,0,9
absconder,1/1,101,0,1,0,0,0,0,7
acanthoma,1/1,101,0,1,0,0,0,0,7
accountant,3/8,38,0,3,0,0,0,0,4
acetate,1/3,34,0,1,0,0,0,0,4
ache,14/24,59,0,8,6,0,0,0,7
acid,177/198,90,0,93,40,8,23,8,10
acidosis,6/6,101,0,6,0,0,0,0,11
actinomycosis,3/4,76,0,3,0,0,0,0,8
actuator,1/2,51,0,1,0,0,0,0,5
ad,8/27,30,0,5,2,1,0,0,9
addiction,6/10,61,0,1,5,0,0,0,6
additive,2/3,67,0,2,0,0,0,0,6
adductor,5/5,101,0,5,0,0,0,0,16
ade,3/3,101,0,3,0,0,0,0,6
adenocarcinoma,1/2,51,0,1,0,0,0,0,6
adenoma,2/2,101,0,2,0,0,0,0,6
adjective,4/11,37,0,4,0,0,0,0,7
adjutant,1/1,101,0,1,0,0,0,0,9
afibrinogenemia,1/1,101,0,1,0,0,0,0,12
agar,1/1,101,0,1,0,0,0,0,7
agate,1/1,101,0,1,0,0,0,0,6
agglutination,3/3,101,0,3,0,0,0,0,4
agglutinin,1/1,101,0,1,0,0,0,0,4
agglutinogen,1/1,101,0,1,0,0,0,0,4
agnosia,3/4,76,0,3,0,0,0,0,8
agrimony,1/4,26,0,1,0,0,0,0,9
air,2/6,34,0,2,0,0,0,0,6
aircrew,1/2,51,0,1,0,0,0,0,6
al,6/6,101,0,6,0,0,0,0,8
albuginea,1/3,34,0,1,0,0,0,0,6
album,3/4,76,0,1,2,0,0,0,8
albumin,2/4,51,0,2,0,0,0,0,4
aldehyde,7/14,51,0,7,0,0,0,0,4
aldol,1/1,101,0,1,0,0,0,0,5
alert,3/3,101,0,3,0,0,0,0,5
algebra,3/6,51,0,3,0,0,0,0,8
algorithm,2/3,67,0,2,0,0,0,0,6
alizarin,3/3,101,0,3,0,0,0,0,7
alkalosis,2/2,101,0,2,0,0,0,0,12
allamanda,1/3,34,0,1,0,0,0,0,8
allegro,1/1,101,0,1,0,0,0,0,13
allele,2/4,51,0,2,0,0,0,0,7
allergy,4/9,45,0,4,0,0,0,0,9
almond,1/1,101,0,1,0,0,0,0,8
aloe,1/4,26,0,1,0,0,0,0,6
alopecia,1/1,101,0,1,0,0,0,0,8
alphabet,12/16,76,0,12,0,0,0,0,7
ameba,1/2,51,0,1,0,0,0,0,10
amenorrhea,2/2,101,0,2,0,0,0,0,10
amide,5/11,46,0,5,0,0,0,0,6
amine,7/19,37,0,4,1,2,0,0,6
ammeter,1/1,101,0,1,0,0,0,0,6
amnesia,6/8,76,0,5,1,0,0,0,12
amoeba,1/2,51,0,0,1,0,0,0,9
anaerobe,1/1,101,0,1,0,0,0,0,10
anaesthesia,13/33,40,0,8,4,1,0,0,7
analysis,17/49,35,0,7,6,4,0,0,8
analyst,2/3,67,0,2,0,0,0,0,8
anatomist,1/4,26,0,1,0,0,0,0,5
anatomy,13/19,69,0,12,1,0,0,0,8
anchor,5/6,84,0,5,0,0,0,0,7
anemia,21/58,37,0,15,5,1,0,0,12
anemone,6/19,32,0,6,0,0,0,0,10
anesthesia,14/33,43,0,8,5,1,0,0,8
aneurysm,5/6,84,0,4,1,0,0,0,9
angelica,3/5,61,0,3,0,0,0,0,8
angiogram,1/1,101,0,1,0,0,0,0,6
angiography,1/2,51,0,1,0,0,0,0,4
angioma,6/8,76,0,4,2,0,0,0,8
angle,37/67,56,0,30,7,0,0,0,8
anhinga,1/2,51,0,1,0,0,0,0,7
anhydride,2/2,101,0,2,0,0,0,0,9
anion,1/4,26,0,1,0,0,0,0,8
annuity,4/9,45,0,4,0,0,0,0,7
anorexia,1/1,101,0,1,0,0,0,0,9
anoxia,4/4,101,0,4,0,0,0,0,9
ant,14/21,67,0,12,2,0,0,0,10
antbird,1/4,26,0,1,0,0,0,0,8
antenna,8/18,45,0,4,4,0,0,0,5
anthem,1/1,101,0,1,0,0,0,0,10
antitoxin,1/3,34,0,1,0,0,0,0,4
antonym,2/2,101,0,2,0,0,0,0,9
anxiety,2/7,29,0,2,0,0,0,0,4
aorta,4/5,81,0,4,0,0,0,0,10
aortitis,1/1,101,0,1,0,0,0,0,11
apatite,1/1,101,0,1,0,0,0,0,6
aphasia,22/26,85,0,22,0,0,0,0,8
aphid,8/17,48,0,4,4,0,0,0,10
apnea,2/7,29,0,2,0,0,0,0,10
apricot,4/8,51,0,4,0,0,0,0,6
arbitrage,2/2,101,0,2,0,0,0,0,8
arbour,1/2,51,0,1,0,0,0,0,6
arcade,2/2,101,0,2,0,0,0,0,9
aria,1/2,51,0,1,0,0,0,0,5
arteria,80/216,38,0,66,11,3,0,0,12
arteriosclerosis,1/3,34,0,1,0,0,0,0,6
arteritis,4/5,81,0,4,0,0,0,0,8
artery,117/216,55,0,79,35,3,0,0,13
arthritis,9/13,70,0,7,2,0,0,0,8
ash,2/2,101,0,2,0,0,0,0,5
aspen,10/13,77,0,10,0,0,0,0,13
asphodel,1/4,26,0,1,0,0,0,0,6
aspirin,3/5,61,0,3,0,0,0,0,9
aster,41/61,68,0,38,3,0,0,0,11
asthma,1/1,101,0,1,0,0,0,0,13
astrocyte,2/2,101,0,2,0,0,0,0,11
ataxia,3/3,101,0,3,0,0,0,0,18
atrium,8/8,101,0,2,6,0,0,0,11
attache,5/5,101,0,2,3,0,0,0,7
attar,1/2,51,0,1,0,0,0,0,7
audit,2/2,101,0,2,0,0,0,0,10
aunt,3/3,101,0,3,0,0,0,0,7
autism,1/1,101,0,1,0,0,0,0,11
automatic,1/4,26,0,1,0,0,0,0,4
avens,8/24,34,0,8,0,0,0,0,8
awl,2/5,41,0,2,0,0,0,0,5
ax,21/26,81,0,16,2,3,0,0,8
axe,10/26,39,0,8,1,1,0,0,7
axis,11/11,101,0,8,3,0,0,0,7
axle,5/6,84,0,3,1,1,0,0,5
b,5/7,72,0,5,0,0,0,0,15
ba,7/7,101,0,1,6,0,0,0,12
baba,2/2,101,0,2,0,0,0,0,7
bacillus,3/7,43,0,3,0,0,0,0,8
backhand,1/1,101,0,1,0,0,0,0,12
bacon,3/5,61,0,3,0,0,0,0,6
bag,47/91,52,0,36,11,0,0,0,6
bagel,1/1,101,0,1,0,0,0,0,7
balance,2/3,67,0,2,0,0,0,0,8
baldness,2/4,51,0,2,0,0,0,0,9
bale,1/1,101,0,1,0,0,0,0,5
ball,34/44,78,0,31,3,0,0,0,6
ballerina,1/1,101,0,1,0,0,0,0,7
ballet,3/3,101,0,3,0,0,0,0,9
balloon,4/4,101,0,3,1,0,0,0,9
ballot,1/1,101,0,1,0,0,0,0,10
balm,1/1,101,0,1,0,0,0,0,11
banana,3/12,26,0,3,0,0,0,0,8
bandage,13/24,55,0,12,1,0,0,0,6
bandicoot,2/4,51,0,2,0,0,0,0,6
bank,1/3,34,0,1,0,0,0,0,6
banksia,1/4,26,0,1,0,0,0,0,10
barberry,4/7,58,0,4,0,0,0,0,10
barium,6/7,86,0,0,6,0,0,0,8
bark,17/32,54,0,17,0,0,0,0,7
barley,1/1,101,0,1,0,0,0,0,7
barn,3/6,51,0,3,0,0,0,0,4
barnacle,4/6,67,0,4,0,0,0,0,8
barometer,2/5,41,0,2,0,0,0,0,4
barracuda,2/2,101,0,2,0,0,0,0,9
bars,2/2,101,0,2,0,0,0,0,12
base,5/6,84,0,5,0,0,0,0,6
basil,3/3,101,0,3,0,0,0,0,9
basin,4/16,26,0,4,0,0,0,0,4
basket,6/15,41,0,4,2,0,0,0,4
basketball,1/1,101,0,1,0,0,0,0,14
bassoon,2/4,51,0,2,0,0,0,0,6
bat,41/78,53,0,4,13,22,2,0,12
bathing,2/2,101,0,2,0,0,0,0,5
battleship,1/3,34,0,1,0,0,0,0,4
bean,32/43,75,0,4,9,4,15,0,7
bear,14/34,42,0,9,5,0,0,0,10
bed,18/33,55,0,17,1,0,0,0,6
bedspread,1/2,51,0,1,0,0,0,0,4
bee,18/26,70,0,11,7,0,0,0,10
beech,9/17,53,0,9,0,0,0,0,11
beer,9/29,32,0,3,6,0,0,0,5
beet,4/13,31,0,4,0,0,0,0,9
beetle,57/124,46,0,20,23,11,3,0,8
begonia,18/29,63,0,17,1,0,0,0,11
bell,12/15,81,0,11,1,0,0,0,7
bellflower,9/32,29,0,9,0,0,0,0,7
belly,1/2,51,0,1,0,0,0,0,5
belt,4/16,26,0,4,0,0,0,0,8
bench,3/10,31,0,3,0,0,0,0,4
benefit,7/21,34,0,6,1,0,0,0,5
benzene,3/4,76,0,3,0,0,0,0,8
benzoate,2/2,101,0,2,0,0,0,0,8
berry,27/37,73,0,26,1,0,0,0,6
bicarbonate,5/10,51,0,5,0,0,0,0,9
biceps,5/5,101,0,5,0,0,0,0,12
bicycle,4/12,34,0,4,0,0,0,0,6
bike,4/6,67,0,4,0,0,0,0,5
bill,5/5,101,0,5,0,0,0,0,10
bin,11/21,53,0,11,0,0,0,0,6
bindweed,2/7,29,0,2,0,0,0,0,10
biscuit,8/11,73,0,8,0,0,0,0,6
bison,2/7,29,0,2,0,0,0,0,6
bite,2/2,101,0,2,0,0,0,0,5
bitt,1/1,101,0,1,0,0,0,0,8
bittern,3/7,43,0,3,0,0,0,0,10
black,4/6,67,0,4,0,0,0,0,4
blackbird,3/11,28,0,3,0,0,0,0,5
bladder,3/3,101,0,3,0,0,0,0,6
blanket,3/6,51,0,3,0,0,0,0,5
blastomycosis,1/1,101,0,1,0,0,0,0,7
blindness,4/6,67,0,4,0,0,0,0,4
bloc,1/3,34,0,1,0,0,0,0,12
blockade,2/5,41,0,2,0,0,0,0,4
blond,4/5,81,0,4,0,0,0,0,9
blonde,2/5,41,0,2,0,0,0,0,8
blood,14/32,44,0,11,3,0,0,0,5
blot,2/6,34,0,2,0,0,0,0,5
blue,11/20,56,0,11,0,0,0,0,6
board,15/23,66,0,12,3,0,0,0,10
boat,39/98,40,0,26,11,2,0,0,5
boating,1/1,101,0,1,0,0,0,0,5
bobwhite,1/2,51,0,1,0,0,0,0,11
bod,13/14,93,0,4,9,0,0,0,10
body,17/31,55,0,4,4,9,0,0,6
boil,1/1,101,0,1,0,0,0,0,4
boiler,2/2,101,0,2,0,0,0,0,9
bollworm,2/8,26,0,2,0,0,0,0,7
bomb,53/68,78,0,48,5,0,0,0,8
bomber,2/2,101,0,2,0,0,0,0,7
bombing,8/8,101,0,4,3,1,0,0,8
bond,10/13,77,0,7,3,0,0,0,10
bonding,3/3,101,0,3,0,0,0,0,10
bone,72/234,31,0,43,24,5,0,0,6
bonnet,1/1,101,0,1,0,0,0,0,4
book,38/139,28,0,17,11,7,3,0,8
bookkeeping,2/4,51,0,2,0,0,0,0,8
booklouse,1/2,51,0,1,0,0,0,0,9
boost,1/2,51,0,1,0,0,0,0,10
boot,15/21,72,0,14,1,0,0,0,6
boss,1/4,26,0,1,0,0,0,0,6
botfly,3/7,43,0,3,0,0,0,0,9
bottle,14/53,27,0,12,1,1,0,0,4
bottlenose,2/4,51,0,2,0,0,0,0,12
boulder,3/3,101,0,3,0,0,0,0,7
bourgeoisie,2/3,67,0,2,0,0,0,0,6
bowerbird,2/5,41,0,2,0,0,0,0,8
bowl,4/6,67,0,4,0,0,0,0,5
bowman,1/1,101,0,1,0,0,0,0,5
box,32/72,45,0,22,10,0,0,0,6
boy,9/25,37,0,9,0,0,0,0,6
brace,4/5,81,0,4,0,0,0,0,5
bracket,4/4,101,0,4,0,0,0,0,8
brake,14/15,94,0,7,3,4,0,0,7
branch,3/6,51,0,3,0,0,0,0,13
brant,1/2,51,0,1,0,0,0,0,12
brass,10/19,53,0,7,3,0,0,0,8
breach,10/10,101,0,2,8,0,0,0,13
bread,47/169,28,0,26,17,4,0,0,6
breaker,1/1,101,0,1,0,0,0,0,7
breakfast,2/3,67,0,2,0,0,0,0,8
breeze,6/8,76,0,6,0,0,0,0,6
bribery,1/2,51,0,1,0,0,0,0,7
bride,1/1,101,0,1,0,0,0,0,5
bridge,17/26,66,0,16,1,0,0,0,6
brief,1/1,101,0,1,0,0,0,0,15
brittle,1/1,101,0,1,0,0,0,0,8
brodiaea,1/2,51,0,1,0,0,0,0,9
brokerage,1/3,34,0,1,0,0,0,0,6
brome,6/17,36,0,6,0,0,0,0,8
bromide,3/3,101,0,3,0,0,0,0,8
bronc,1/1,101,0,1,0,0,0,0,10
bronchitis,1/3,34,0,1,0,0,0,0,13
bronco,1/1,101,0,1,0,0,0,0,9
bronze,6/8,76,0,6,0,0,0,0,7
brook,1/1,101,0,1,0,0,0,0,4
broth,2/8,26,0,2,0,0,0,0,6
brother,5/5,101,0,5,0,0,0,0,6
brown,9/37,25,0,7,2,0,0,0,4
bryony,2/6,34,0,2,0,0,0,0,6
bucket,3/11,28,0,3,0,0,0,0,4
buckle,1/1,101,0,1,0,0,0,0,6
bud,1/1,101,0,1,0,0,0,0,5
budget,1/2,51,0,1,0,0,0,0,8
bull,1/1,101,0,1,0,0,0,0,4
bulldog,1/1,101,0,1,0,0,0,0,8
bullet,2/5,41,0,2,0,0,0,0,6
bulletin,2/5,41,0,2,0,0,0,0,4
bun,9/36,26,0,3,6,0,0,0,8
buoy,9/11,82,0,5,4,0,0,0,6
burdock,4/7,58,0,4,0,0,0,0,7
burglar,1/2,51,0,1,0,0,0,0,5
burrito,1/2,51,0,1,0,0,0,0,5
bus,3/5,61,0,3,0,0,0,0,9
bustard,1/4,26,0,1,0,0,0,0,7
butcher,1/1,101,0,1,0,0,0,0,6
butene,1/3,34,0,1,0,0,0,0,6
butt,1/1,101,0,1,0,0,0,0,7
butter,6/9,67,0,6,0,0,0,0,6
buttercup,7/18,39,0,7,0,0,0,0,9
butterfly,19/65,30,0,9,9,1,0,0,6
button,2/2,101,0,2,0,0,0,0,6
buttress,1/2,51,0,1,0,0,0,0,6
butylene,2/3,67,0,2,0,0,0,0,4
butyrin,1/1,101,0,1,0,0,0,0,4
buyer,1/3,34,0,1,0,0,0,0,6
buying,2/6,34,0,2,0,0,0,0,6
buyout,2/6,34,0,2,0,0,0,0,9
ca,1/2,51,0,1,0,0,0,0,9
cabinet,2/5,41,0,2,0,0,0,0,6
cacao,1/2,51,0,1,0,0,0,0,6
cactus,23/62,38,0,20,3,0,0,0,10
cage,2/4,51,0,2,0,0,0,0,6
caiman,1/2,51,0,1,0,0,0,0,11
calamint,5/13,39,0,5,0,0,0,0,13
calcium,1/2,51,0,1,0,0,0,0,4
calendar,19/19,101,0,3,14,2,0,0,9
caliper,5/8,63,0,5,0,0,0,0,9
call,11/12,92,0,9,2,0,0,0,8
calla,2/3,67,0,2,0,0,0,0,10
camas,2/7,29,0,2,0,0,0,0,11
camel,2/5,41,0,2,0,0,0,0,10
camera,13/15,87,0,12,1,0,0,0,8
campaign,2/4,51,0,2,0,0,0,0,8
campion,5/19,27,0,5,0,0,0,0,7
can,6/8,76,0,6,0,0,0,0,5
candle,2/6,34,0,2,0,0,0,0,4
cane,2/5,41,0,2,0,0,0,0,7
cankerworm,2/2,101,0,2,0,0,0,0,7
canoe,3/8,38,0,3,0,0,0,0,5
canthus,2/2,101,0,2,0,0,0,0,8
cap,24/55,44,0,24,0,0,0,0,6
capacitor,3/9,34,0,3,0,0,0,0,6
caper,5/12,42,0,5,0,0,0,0,11
capitalism,1/1,101,0,1,0,0,0,0,9
car,21/76,28,0,19,2,0,0,0,6
caracara,1/4,26,0,1,0,0,0,0,10
caraway,1/1,101,0,1,0,0,0,0,9
carbamate,1/1,101,0,1,0,0,0,0,10
carbide,2/2,101,0,2,0,0,0,0,9
carbonate,15/22,69,0,7,8,0,0,0,8
carcinoma,11/33,34,0,9,2,0,0,0,7
card,14/57,25,0,6,8,0,0,0,4
cardiomyopathy,1/1,101,0,1,0,0,0,0,14
carditis,5/6,84,0,4,1,0,0,0,9
caribou,3/4,76,0,3,0,0,0,0,11
carotene,1/1,101,0,1,0,0,0,0,6
cart,11/20,56,0,10,1,0,0,0,5
carte,1/3,34,0,1,0,0,0,0,6
cartel,2/4,51,0,2,0,0,0,0,12
cartilage,5/9,56,0,5,0,0,0,0,5
casserole,1/4,26,0,1,0,0,0,0,9
cassette,2/2,101,0,2,0,0,0,0,6
cat,35/87,41,0,4,30,1,0,0,7
catalog,2/5,41,0,2,0,0,0,0,8
catalogue,4/9,45,0,3,1,0,0,0,5
catalysis,1/1,101,0,1,0,0,0,0,5
cataract,3/3,101,0,3,0,0,0,0,14
cathode,2/2,101,0,2,0,0,0,0,6
caustic,3/8,38,0,0,3,0,0,0,6
cautery,1/2,51,0,1,0,0,0,0,5
caviar,1/1,101,0,1,0,0,0,0,8
cedar,15/32,47,0,15,0,0,0,0,11
ceding,1/2,51,0,1,0,0,0,0,5
cellar,1/1,101,0,1,0,0,0,0,4
cellularity,2/2,101,0,2,0,0,0,0,5
cellulose,3/7,43,0,3,0,0,0,0,4
censorship,8/8,101,0,2,4,2,0,0,11
centaury,5/9,56,0,5,0,0,0,0,9
center,7/26,27,0,5,2,0,0,0,6
centesis,7/11,64,0,7,0,0,0,0,5
centime,2/2,101,0,2,0,0,0,0,9
centipede,1/2,51,0,1,0,0,0,0,10
centrifugation,1/1,101,0,1,0,0,0,0,6
century,1/2,51,0,1,0,0,0,0,8
cephalitis,20/27,75,0,12,8,0,0,0,13
certificate,4/14,29,0,4,0,0,0,0,4
cesium,1/1,101,0,1,0,0,0,0,5
cession,1/2,51,0,1,0,0,0,0,4
chachalaca,1/2,51,0,1,0,0,0,0,10
chad,5/6,84,0,5,0,0,0,0,7
chain,1/2,51,0,1,0,0,0,0,4
chair,31/48,65,0,17,13,1,0,0,7
chairman,1/2,51,0,1,0,0,0,0,5
chant,2/4,51,0,2,0,0,0,0,7
chapel,2/3,67,0,2,0,0,0,0,4
chaplain,3/6,51,0,3,0,0,0,0,4
char,2/5,41,0,2,0,0,0,0,7
charge,1/1,101,0,1,0,0,0,0,8
charity,1/3,34,0,1,0,0,0,0,12
chart,7/14,51,0,7,0,0,0,0,6
charter,2/2,101,0,2,0,0,0,0,6
check,10/21,48,0,10,0,0,0,0,8
cheese,21/53,40,0,19,2,0,0,0,5
chemist,4/5,81,0,4,0,0,0,0,6
chemistry,14/18,78,0,12,2,0,0,0,6
chemotaxis,2/2,101,0,2,0,0,0,0,10
cheque,7/21,34,0,7,0,0,0,0,7
chest,2/3,67,0,2,0,0,0,0,4
chiasm,3/3,101,0,3,0,0,0,0,8
chiasma,2/3,67,0,2,0,0,0,0,7
chickadee,2/5,41,0,2,0,0,0,0,8
childbirth,5/12,42,0,1,4,0,0,0,9
chimp,4/9,45,0,4,0,0,0,0,14
chimpanzee,4/9,45,0,4,0,0,0,0,9
chin,1/2,51,0,1,0,0,0,0,6
chisel,6/8,76,0,6,0,0,0,0,5
chloride,13/18,73,0,11,2,0,0,0,6
chlorination,1/1,101,0,1,0,0,0,0,4
chlorine,1/1,101,0,1,0,0,0,0,6
chlorofluorocarbon,1/3,34,0,1,0,0,0,0,7
cholecystectomy,1/2,51,0,1,0,0,0,0,4
cholesterol,3/3,101,0,2,1,0,0,0,8
choriomeningitis,1/1,101,0,1,0,0,0,0,13
chowder,5/5,101,0,3,2,0,0,0,10
chromate,1/1,101,0,1,0,0,0,0,6
chromatin,1/1,101,0,1,0,0,0,0,5
chromatography,2/2,101,0,2,0,0,0,0,7
chute,3/5,61,0,3,0,0,0,0,7
cicada,3/5,61,0,3,0,0,0,0,12
cider,3/4,76,0,2,1,0,0,0,6
cigaret,3/8,38,0,3,0,0,0,0,4
circle,3/5,61,0,3,0,0,0,0,6
circuit,26/66,40,0,10,9,7,0,0,5
civet,4/16,26,0,4,0,0,0,0,9
clam,11/27,41,0,9,2,0,0,0,9
clarinet,2/4,51,0,2,0,0,0,0,6
claudication,1/1,101,0,1,0,0,0,0,14
clause,9/9,101,0,6,3,0,0,0,11
claw,1/2,51,0,1,0,0,0,0,4
clay,6/18,34,0,6,0,0,0,0,5
clef,9/10,91,0,9,0,0,0,0,6
clerk,10/20,51,0,9,1,0,0,0,5
climatology,1/1,101,0,1,0,0,0,0,4
clinic,1/1,101,0,1,0,0,0,0,5
clip,1/1,101,0,1,0,0,0,0,9
clock,13/17,77,0,11,2,0,0,0,7
cloning,4/4,101,0,3,1,0,0,0,14
closet,2/5,41,0,2,0,0,0,0,5
clotting,1/3,34,0,1,0,0,0,0,9
clover,9/19,48,0,9,0,0,0,0,9
coach,8/10,81,0,5,3,0,0,0,9
coagulation,2/3,67,0,2,0,0,0,0,6
coal,9/12,76,0,7,2,0,0,0,6
coat,25/84,30,0,16,9,0,0,0,6
cobalt,1/1,101,0,1,0,0,0,0,4
cobra,5/12,42,0,5,0,0,0,0,7
cocci,1/3,34,0,1,0,0,0,0,6
coccus,1/3,34,0,1,0,0,0,0,5
cockatoo,2/5,41,0,2,0,0,0,0,10
cockroach,6/15,41,0,6,0,0,0,0,7
cod,1/2,51,0,1,0,0,0,0,5
code,8/18,45,0,6,2,0,0,0,7
coding,3/11,28,0,3,0,0,0,0,5
coefficient,11/30,37,0,10,1,0,0,0,7
coffee,12/25,49,0,12,0,0,0,0,6
cold,1/1,101,0,1,0,0,0,0,6
colic,2/2,101,0,2,0,0,0,0,8
colitis,2/7,29,0,2,0,0,0,0,10
collar,7/14,51,0,7,0,0,0,0,5
collider,1/3,34,0,1,0,0,0,0,15
colloid,3/9,34,0,3,0,0,0,0,4
colloquium,1/1,101,0,1,0,0,0,0,10
colon,5/6,84,0,5,0,0,0,0,10
colonel,2/2,101,0,2,0,0,0,0,9
colonialism,1/1,101,0,1,0,0,0,0,4
colonic,1/1,101,0,1,0,0,0,0,6
colony,1/4,26,0,1,0,0,0,0,8
columnist,2/4,51,0,1,1,0,0,0,7
coma,3/3,101,0,3,0,0,0,0,10
comb,5/5,101,0,5,0,0,0,0,9
comedy,8/14,58,0,8,0,0,0,0,5
comforter,1/1,101,0,1,0,0,0,0,7
comfrey,1/3,34,0,1,0,0,0,0,7
comity,1/1,101,0,1,0,0,0,0,12
commander,2/7,29,0,2,0,0,0,0,9
commissioner,4/4,101,0,4,0,0,0,0,7
communion,1/1,101,0,1,0,0,0,0,6
company,41/83,50,0,28,4,9,0,0,7
compass,4/4,101,0,2,2,0,0,0,8
competence,1/3,34,0,1,0,0,0,0,4
compressor,1/2,51,0,1,0,0,0,0,4
computer,16/55,30,0,4,4,3,5,0,5
concert,1/1,101,0,1,0,0,0,0,6
concerto,1/1,101,0,1,0,0,0,0,8
conch,1/2,51,0,1,0,0,0,0,8
concha,1/1,101,0,1,0,0,0,0,7
concrete,2/3,67,0,2,0,0,0,0,5
conditioning,5/7,72,0,4,1,0,0,0,9
condor,2/4,51,0,2,0,0,0,0,11
condyle,3/5,61,0,3,0,0,0,0,10
conjunctiva,6/8,76,0,6,0,0,0,0,10
consent,1/1,101,0,1,0,0,0,0,10
consort,1/1,101,0,1,0,0,0,0,8
conspiracy,1/1,101,0,1,0,0,0,0,12
contamination,1/1,101,0,1,0,0,0,0,6
contract,21/46,46,0,20,1,0,0,0,8
converter,12/17,71,0,6,6,0,0,0,8
cook,4/11,37,0,3,1,0,0,0,4
cookie,15/39,39,0,14,1,0,0,0,6
coonhound,1/2,51,0,1,0,0,0,0,7
coot,2/7,29,0,2,0,0,0,0,8
copal,7/12,59,0,7,0,0,0,0,5
copper,1/1,101,0,1,0,0,0,0,9
cordgrass,2/6,34,0,2,0,0,0,0,9
corgi,2/4,51,0,2,0,0,0,0,10
corn,12/19,64,0,6,6,0,0,0,9
corp,6/23,27,0,6,0,0,0,0,14
corporation,6/23,27,0,6,0,0,0,0,7
cortex,2/4,51,0,2,0,0,0,0,5
costume,1/3,34,0,1,0,0,0,0,7
cotton,3/3,101,0,3,0,0,0,0,12
cottonwood,4/11,37,0,4,0,0,0,0,7
count,6/9,67,0,6,0,0,0,0,6
coup,1/1,101,0,1,0,0,0,0,8
course,7/23,31,0,7,0,0,0,0,8
court,36/51,71,0,30,4,2,0,0,11
court-martial,2/2,101,0,2,0,0,0,0,9
cow,1/3,34,0,1,0,0,0,0,7
cowrie,2/4,51,0,2,0,0,0,0,8
crab,24/35,69,0,15,9,0,0,0,11
crabgrass,2/8,26,0,2,0,0,0,0,9
cracker,3/7,43,0,3,0,0,0,0,5
crake,2/5,41,0,2,0,0,0,0,7
cranberry,5/13,39,0,5,0,0,0,0,6
credulity,1/1,101,0,1,0,0,0,0,5
cress,26/68,39,0,10,16,0,0,0,10
crew,4/5,81,0,2,2,0,0,0,8
cricket,5/8,63,0,4,1,0,0,0,9
critic,6/6,101,0,6,0,0,0,0,8
crocodile,4/6,67,0,4,0,0,0,0,9
crocus,1/3,34,0,1,0,0,0,0,6
crow,1/2,51,0,1,0,0,0,0,13
crowding,1/2,51,0,1,0,0,0,0,4
cubism,2/2,101,0,2,0,0,0,0,11
cudweed,1/3,34,0,1,0,0,0,0,8
cuff,1/1,101,0,1,0,0,0,0,9
cuisine,2/5,41,0,2,0,0,0,0,5
culture,11/24,46,0,8,3,0,0,0,12
cumulus,2/3,67,0,2,0,0,0,0,7
cup,7/14,51,0,7,0,0,0,0,6
curettage,1/2,51,0,1,0,0,0,0,9
curlew,2/4,51,0,2,0,0,0,0,10
currant,2/3,67,0,2,0,0,0,0,5
current,1/2,51,0,1,0,0,0,0,5
curry,1/1,101,0,1,0,0,0,0,6
curtain,5/10,51,0,4,1,0,0,0,4
cushion,1/2,51,0,1,0,0,0,0,4
cutback,1/1,101,0,1,0,0,0,0,9
cutworm,1/2,51,0,1,0,0,0,0,12
cyanide,1/3,34,0,1,0,0,0,0,7
cyanosis,1/2,51,0,1,0,0,0,0,6
cycling,3/3,101,0,3,0,0,0,0,5
cycloid,2/2,101,0,2,0,0,0,0,8
cyma,2/3,67,0,2,0,0,0,0,5
cymbal,1/3,34,0,1,0,0,0,0,4
cyme,1/3,34,0,1,0,0,0,0,6
cyst,10/18,56,0,9,1,0,0,0,8
cytopenia,3/3,101,0,3,0,0,0,0,6
daiquiri,2/2,101,0,2,0,0,0,0,9
daisy,2/3,67,0,2,0,0,0,0,9
daisybush,1/4,26,0,1,0,0,0,0,7
damages,8/13,62,0,6,2,0,0,0,7
dancer,6/23,27,0,6,0,0,0,0,5
dandelion,2/7,29,0,2,0,0,0,0,7
dasyure,1/4,26,0,1,0,0,0,0,8
data,3/3,101,0,3,0,0,0,0,7
date,2/5,41,0,2,0,0,0,0,6
dating,5/5,101,0,5,0,0,0,0,13
daughter,1/1,101,0,1,0,0,0,0,10
day,5/16,32,0,3,2,0,0,0,6
deacon,1/1,101,0,1,0,0,0,0,4
deadbeat,1/1,101,0,1,0,0,0,0,5
deafness,1/4,26,0,1,0,0,0,0,4
deal,1/2,51,0,1,0,0,0,0,6
decimal,3/3,101,0,3,0,0,0,0,11
deck,23/32,72,0,17,5,1,0,0,7
deduction,2/5,41,0,1,1,0,0,0,6
deed,3/6,51,0,3,0,0,0,0,7
deer,15/60,26,0,13,2,0,0,0,8
defense,10/23,44,0,8,2,0,0,0,7
deficit,1/1,101,0,1,0,0,0,0,8
definition,7/7,101,0,7,0,0,0,0,10
delegate,1/1,101,0,1,0,0,0,0,11
delusion,4/15,27,0,4,0,0,0,0,7
denominator,1/1,101,0,1,0,0,0,0,8
density,8/15,54,0,6,2,0,0,0,6
dentition,1/1,101,0,1,0,0,0,0,12
denture,1/4,26,0,1,0,0,0,0,4
department,51/135,38,0,6,40,5,0,0,8
deposition,2/4,51,0,2,0,0,0,0,4
dermatitis,9/18,51,0,7,2,0,0,0,6
dervish,1/2,51,0,1,0,0,0,0,5
destroyer,1/2,51,0,1,0,0,0,0,6
detector,3/9,34,0,3,0,0,0,0,6
detergent,3/9,34,0,3,0,0,0,0,6
dewberry,6/12,51,0,6,0,0,0,0,8
diabetes,25/28,90,0,2,23,0,0,0,15
diagnosis,2/8,26,0,1,1,0,0,0,5
diagram,4/8,51,0,3,1,0,0,0,5
dialysis,2/6,34,0,2,0,0,0,0,5
dialyzer,1/2,51,0,1,0,0,0,0,7
dichromat,1/1,101,0,1,0,0,0,0,11
dictionary,9/13,70,0,9,0,0,0,0,7
diet,23/31,75,0,19,4,0,0,0,10
diffraction,1/1,101,0,1,0,0,0,0,7
digger,2/3,67,0,2,0,0,0,0,5
dioxide,5/9,56,0,5,0,0,0,0,6
diplomacy,3/5,61,0,3,0,0,0,0,7
dipole,2/3,67,0,2,0,0,0,0,10
disambiguation,1/1,101,0,1,0,0,0,0,9
disk,1/4,26,0,1,0,0,0,0,8
distemper,2/3,67,0,2,0,0,0,0,5
distribution,8/15,54,0,8,0,0,0,0,6
diver,3/4,76,0,3,0,0,0,0,6
diversity,1/1,101,0,1,0,0,0,0,4
diverticulum,1/1,101,0,1,0,0,0,0,10
dividend,3/4,76,0,3,0,0,0,0,6
divisor,2/8,26,0,1,1,0,0,0,12
dogbane,3/9,34,0,3,0,0,0,0,11
dogwood,9/26,35,0,9,0,0,0,0,7
doll,4/11,37,0,3,1,0,0,0,6
dollar,24/25,97,0,23,1,0,0,0,10
door,18/23,79,0,13,5,0,0,0,7
dopa,5/5,101,0,5,0,0,0,0,4
double,2/2,101,0,2,0,0,0,0,9
dough,2/6,34,0,2,0,0,0,0,5
dove,5/9,56,0,4,1,0,0,0,12
down,4/5,81,0,3,1,0,0,0,6
dozer,1/1,101,0,1,0,0,0,0,6
draper,1/1,101,0,1,0,0,0,0,6
dream,1/2,51,0,1,0,0,0,0,5
dressing,11/20,56,0,11,0,0,0,0,8
drill,13/24,55,0,9,4,0,0,0,6
drip,1/1,101,0,1,0,0,0,0,13
driver,12/31,39,0,12,0,0,0,0,4
drop,2/2,101,0,2,0,0,0,0,4
drum,5/14,36,0,5,0,0,0,0,4
drumstick,2/4,51,0,2,0,0,0,0,5
dryad,1/1,101,0,1,0,0,0,0,5
dryer,5/13,39,0,3,2,0,0,0,6
duchess,1/1,101,0,1,0,0,0,0,7
duckweed,4/14,29,0,4,0,0,0,0,6
duct,21/71,30,0,18,3,0,0,0,10
ductule,1/2,51,0,1,0,0,0,0,6
dune,1/1,101,0,1,0,0,0,0,6
dunk,1/1,101,0,1,0,0,0,0,6
dust,2/3,67,0,2,0,0,0,0,8
dwarf,7/7,101,0,7,0,0,0,0,11
dysentery,3/4,76,0,3,0,0,0,0,7
dyskinesia,1/1,101,0,1,0,0,0,0,9
dysmenorrhea,2/2,101,0,2,0,0,0,0,10
dystrophy,8/10,81,0,8,0,0,0,0,17
e,1/1,101,0,1,0,0,0,0,16
eagle,14/25,57,0,7,7,0,0,0,9
eardrum,1/1,101,0,1,0,0,0,0,12
earring,2/3,67,0,2,0,0,0,0,5
earthball,2/6,34,0,2,0,0,0,0,10
earwig,1/2,51,0,1,0,0,0,0,16
easement,1/2,51,0,1,0,0,0,0,6
echo,1/1,101,0,1,0,0,0,0,4
eclair,1/1,101,0,1,0,0,0,0,11
eclipse,5/5,101,0,4,1,0,0,0,7
economics,3/5,61,0,3,0,0,0,0,5
economist,2/8,26,0,2,0,0,0,0,6
economy,8/29,28,0,4,2,2,0,0,7
ectasia,2/3,67,0,2,0,0,0,0,10
ectasis,1/3,34,0,1,0,0,0,0,10
eczema,9/27,34,0,6,3,0,0,0,10
edema,10/13,77,0,10,0,0,0,0,7
edition,2/3,67,0,2,0,0,0,0,7
editor,9/21,43,0,6,3,0,0,0,5
eel,1/2,51,0,1,0,0,0,0,5
egret,4/12,34,0,4,0,0,0,0,9
eland,2/4,51,0,2,0,0,0,0,11
election,5/10,51,0,5,0,0,0,0,4
electricity,7/10,71,0,7,0,0,0,0,6
electrolyte,1/1,101,0,1,0,0,0,0,5
electron,3/4,76,0,3,0,0,0,0,5
electronics,1/3,34,0,1,0,0,0,0,4
electrophoresis,3/3,101,0,3,0,0,0,0,7
elephant,5/16,32,0,3,2,0,0,0,8
elephantiasis,3/5,61,0,3,0,0,0,0,5
elevator,3/5,61,0,3,0,0,0,0,6
elm,28/45,63,0,28,0,0,0,0,10
emesis,4/5,81,0,3,1,0,0,0,8
emissary,1/2,51,0,1,0,0,0,0,4
encephalitis,20/27,75,0,12,8,0,0,0,11
ending,1/4,26,0,1,0,0,0,0,7
endocarditis,1/1,101,0,1,0,0,0,0,20
endonuclease,1/3,34,0,1,0,0,0,0,9
endorphin,1/2,51,0,1,0,0,0,0,4
enema,1/4,26,0,1,0,0,0,0,8
engine,31/72,44,0,7,4,17,3,0,8
engineer,15/32,47,0,14,1,0,0,0,5
enteritis,1/1,101,0,1,0,0,0,0,13
enterotoxin,2/3,67,0,1,1,0,0,0,9
entry,3/5,61,0,3,0,0,0,0,9
envelope,1/1,101,0,1,0,0,0,0,8
envy,1/4,26,0,1,0,0,0,0,9
epicondyle,1/1,101,0,1,0,0,0,0,9
epicondylitis,2/3,67,0,2,0,0,0,0,8
epilepsy,18/24,76,0,14,4,0,0,0,10
equation,12/15,81,0,7,5,0,0,0,11
equinox,6/9,67,0,6,0,0,0,0,5
eraser,4/5,81,0,4,0,0,0,0,6
eruption,1/1,101,0,1,0,0,0,0,9
erythema,4/9,45,0,3,1,0,0,0,5
estate,4/7,58,0,4,0,0,0,0,5
estimation,1/4,26,0,1,0,0,0,0,4
ethylene,1/3,34,0,1,0,0,0,0,4
etymology,1/1,101,0,1,0,0,0,0,6
evangelism,1/1,101,0,1,0,0,0,0,4
evangelist,1/1,101,0,1,0,0,0,0,4
exam,15/29,52,0,15,0,0,0,0,8
exchange,1/1,101,0,1,0,0,0,0,15
expense,11/28,40,0,9,2,0,0,0,8
experiment,2/4,51,0,2,0,0,0,0,7
exposure,1/4,26,0,1,0,0,0,0,4
express,1/1,101,0,1,0,0,0,0,6
expressionism,2/2,101,0,2,0,0,0,0,5
eye,3/11,28,0,3,0,0,0,0,6
factor,3/10,31,0,2,1,0,0,0,8
faddist,1/1,101,0,1,0,0,0,0,6
fake,1/2,51,0,1,0,0,0,0,9
family,4/7,58,0,4,0,0,0,0,8
fan,3/5,61,0,2,1,0,0,0,6
fancier,4/7,58,0,2,2,0,0,0,4
fantasy,2/8,26,0,2,0,0,0,0,4
farm,11/23,48,0,11,0,0,0,0,5
farming,6/24,26,0,6,0,0,0,0,6
fauna,1/1,101,0,1,0,0,0,0,4
feather,8/26,31,0,4,3,1,0,0,4
fee,10/38,27,0,10,0,0,0,0,8
feedback,2/5,41,0,2,0,0,0,0,7
fence,7/21,34,0,3,4,0,0,0,6
fenestra,6/8,76,0,6,0,0,0,0,10
fennel,2/5,41,0,2,0,0,0,0,12
fern,198/469,43,0,96,99,3,0,0,13
ferrocyanide,1/2,51,0,1,0,0,0,0,13
ferry,1/1,101,0,1,0,0,0,0,5
fettuccine,1/1,101,0,1,0,0,0,0,9
feud,1/2,51,0,1,0,0,0,0,6
fibrillation,2/2,101,0,2,0,0,0,0,10
fibrosis,3/6,51,0,3,0,0,0,0,9
field,7/22,32,0,3,4,0,0,0,4
fielder,6/15,41,0,2,4,0,0,0,5
file,15/24,63,0,3,11,1,0,0,7
filet,1/3,34,0,1,0,0,0,0,7
filter,8/24,34,0,7,1,0,0,0,5
final,1/1,101,0,1,0,0,0,0,5
fine,1/1,101,0,1,0,0,0,0,9
fir,1/1,101,0,1,0,0,0,0,9
fire,12/17,71,0,8,4,0,0,0,6
fishery,1/1,101,0,1,0,0,0,0,7
flag,9/37,25,0,9,0,0,0,0,6
flask,7/13,54,0,5,2,0,0,0,7
flat,2/4,51,0,2,0,0,0,0,8
flea,4/12,34,0,4,0,0,0,0,10
flint,2/3,67,0,2,0,0,0,0,5
flip,1/1,101,0,1,0,0,0,0,6
flood,4/8,51,0,3,1,0,0,0,7
floor,3/7,43,0,3,0,0,0,0,5
flour,7/10,71,0,4,3,0,0,0,7
flu,4/4,101,0,4,0,0,0,0,10
fluorescence,1/2,51,0,1,0,0,0,0,4
fluoride,5/5,101,0,5,0,0,0,0,11
flux,3/3,101,0,2,1,0,0,0,9
fly,20/34,59,0,11,5,4,0,0,8
flywheel,1/1,101,0,1,0,0,0,0,7
fog,2/6,34,0,2,0,0,0,0,5
foil,6/8,76,0,6,0,0,0,0,6
folk,3/11,28,0,3,0,0,0,0,6
follicle,2/2,101,0,2,0,0,0,0,8
fondu,2/2,101,0,2,0,0,0,0,13
fondue,1/2,51,0,1,0,0,0,0,12
font,12/37,33,0,9,3,0,0,0,8
fontanel,5/5,101,0,5,0,0,0,0,12
fontanelle,3/5,61,0,3,0,0,0,0,10
foot,2/3,67,0,2,0,0,0,0,6
football,6/9,67,0,5,1,0,0,0,6
footprint,1/1,101,0,1,0,0,0,0,10
foramen,4/4,101,0,4,0,0,0,0,11
forceps,2/2,101,0,2,0,0,0,0,11
fording,2/2,101,0,2,0,0,0,0,7
forecast,2/3,67,0,2,0,0,0,0,9
forest,5/11,46,0,3,2,0,0,0,5
fork,4/4,101,0,4,0,0,0,0,8
format,2/4,51,0,2,0,0,0,0,12
formatting,2/4,51,0,2,0,0,0,0,8
fossa,4/6,67,0,4,0,0,0,0,11
foul,3/4,76,0,3,0,0,0,0,8
fountain,2/3,67,0,2,0,0,0,0,5
fox,12/20,61,0,9,3,0,0,0,8
foxglove,3/10,31,0,3,0,0,0,0,6
foxhound,3/4,76,0,3,0,0,0,0,8
fracture,16/16,101,0,15,1,0,0,0,10
franc,22/22,101,0,22,0,0,0,0,10
fraud,12/37,33,0,11,1,0,0,0,6
freetail,2/6,34,0,2,0,0,0,0,10
fritter,2/2,101,0,2,0,0,0,0,6
frog,34/109,32,0,13,19,2,0,0,11
ftp,1/2,51,0,1,0,0,0,0,20
fudge,2/7,29,0,2,0,0,0,0,5
fullerene,1/4,26,0,1,0,0,0,0,5
fulminate,2/3,67,0,2,0,0,0,0,10
fund,9/20,46,0,7,2,0,0,0,8
furan,1/1,101,0,1,0,0,0,0,6
furnace,9/25,37,0,7,2,0,0,0,4
fuse,2/4,51,0,2,0,0,0,0,8
gable,2/3,67,0,2,0,0,0,0,6
gale,5/5,101,0,5,0,0,0,0,7
gallinule,4/9,45,0,2,2,0,0,0,10
galvanometer,3/3,101,0,2,1,0,0,0,11
gametophyte,2/2,101,0,2,0,0,0,0,5
gang,1/3,34,0,1,0,0,0,0,5
gangrene,4/11,37,0,4,0,0,0,0,11
garden,13/28,47,0,12,1,0,0,0,5
gardening,3/5,61,0,3,0,0,0,0,6
gasoline,2/5,41,0,2,0,0,0,0,6
gastritis,2/2,101,0,2,0,0,0,0,8
gate,8/16,51,0,8,0,0,0,0,5
gator,4/4,101,0,4,0,0,0,0,15
gauge,12/34,36,0,12,0,0,0,0,6
gauze,1/1,101,0,1,0,0,0,0,12
gavage,1/2,51,0,1,0,0,0,0,10
gayfeather,1/4,26,0,1,0,0,0,0,8
gear,9/19,48,0,8,1,0,0,0,9
gecko,3/4,76,0,3,0,0,0,0,11
gel,1/1,101,0,1,0,0,0,0,6
gene,25/39,65,0,23,2,0,0,0,9
geneticist,1/1,101,0,1,0,0,0,0,5
genetics,3/7,43,0,3,0,0,0,0,7
genipa,1/4,26,0,1,0,0,0,0,6
genitive,2/2,101,0,2,0,0,0,0,15
genomics,2/2,101,0,2,0,0,0,0,12
gentian,17/41,42,0,16,1,0,0,0,10
gentry,1/2,51,0,1,0,0,0,0,7
geography,2/5,41,0,2,0,0,0,0,5
geologist,2/5,41,0,2,0,0,0,0,5
geometry,17/17,101,0,14,3,0,0,0,10
geranium,14/50,29,0,10,4,0,0,0,8
gin,3/5,61,0,3,0,0,0,0,6
ginger,5/17,30,0,5,0,0,0,0,9
girdle,2/5,41,0,2,0,0,0,0,4
glacier,6/6,101,0,5,1,0,0,0,12
glance,1/3,34,0,1,0,0,0,0,5
gland,50/107,47,0,6,27,15,2,0,8
glans,2/2,101,0,2,0,0,0,0,9
glass,21/31,68,0,16,5,0,0,0,7
glaucoma,6/6,101,0,6,0,0,0,0,12
glia,4/5,81,0,4,0,0,0,0,7
glider,1/1,101,0,1,0,0,0,0,6
gliding,2/3,67,0,2,0,0,0,0,5
globulin,16/28,58,0,5,4,7,0,0,5
glossitis,3/4,76,0,3,0,0,0,0,10
glucose,2/7,29,0,2,0,0,0,0,5
glue,4/4,101,0,4,0,0,0,0,7
glume,1/2,51,0,1,0,0,0,0,6
glute,3/3,101,0,3,0,0,0,0,10
gluten,2/2,101,0,2,0,0,0,0,6
gluteus,3/3,101,0,3,0,0,0,0,8
glyceride,1/1,101,0,1,0,0,0,0,4
goat,10/22,46,0,6,4,0,0,0,6
goatfish,2/4,51,0,2,0,0,0,0,9
goddess,2/3,67,0,2,0,0,0,0,6
godwit,1/2,51,0,1,0,0,0,0,11
goldenrod,18/30,61,0,18,0,0,0,0,8
golf,4/8,51,0,4,0,0,0,0,8
good,1/2,51,0,1,0,0,0,0,7
goose,11/25,45,0,9,2,0,0,0,7
gorilla,6/7,86,0,6,0,0,0,0,14
goulash,2/3,67,0,2,0,0,0,0,7
government,9/36,26,0,6,3,0,0,0,4
gown,6/10,61,0,6,0,0,0,0,7
gradient,3/3,101,0,3,0,0,0,0,12
graft,5/6,84,0,5,0,0,0,0,5
grama,2/4,51,0,2,0,0,0,0,10
grammar,3/9,34,0,2,1,0,0,0,10
grape,6/17,36,0,3,2,1,0,0,5
grass,177/480,37,0,74,68,25,10,0,9
gravel,2/5,41,0,2,0,0,0,0,4
gravimeter,1/3,34,0,1,0,0,0,0,5
gravity,1/1,101,0,1,0,0,0,0,7
gravure,2/2,101,0,1,1,0,0,0,5
gray,10/23,44,0,10,0,0,0,0,7
grease,1/1,101,0,1,0,0,0,0,6
grebe,6/12,51,0,6,0,0,0,0,12
green,14/19,74,0,14,0,0,0,0,5
greenling,2/6,34,0,2,0,0,0,0,7
grenade,2/2,101,0,2,0,0,0,0,6
greyhound,1/2,51,0,1,0,0,0,0,4
grid,2/2,101,0,2,0,0,0,0,9
grocer,1/1,101,0,1,0,0,0,0,6
grocery,1/3,34,0,1,0,0,0,0,5
grosbeak,2/6,34,0,2,0,0,0,0,11
grower,1/2,51,0,1,0,0,0,0,7
guan,1/1,101,0,1,0,0,0,0,8
guest,4/4,101,0,4,0,0,0,0,8
guitar,5/12,42,0,5,0,0,0,0,4
gum,2/2,101,0,2,0,0,0,0,7
gumweed,1/3,34,0,1,0,0,0,0,11
gun,35/130,27,0,10,7,4,2,5,8
gyrus,7/7,101,0,5,2,0,0,0,10
hackberry,3/7,43,0,3,0,0,0,0,9
hackle,1/2,51,0,1,0,0,0,0,8
haddock,2/4,51,0,2,0,0,0,0,5
haemangioma,1/2,51,0,1,0,0,0,0,11
haemophilia,3/10,31,0,3,0,0,0,0,6
ham,1/2,51,0,1,0,0,0,0,9
hamster,3/5,61,0,3,0,0,0,0,10
handedness,2/6,34,0,2,0,0,0,0,4
handling,1/3,34,0,1,0,0,0,0,4
hare,5/16,32,0,5,0,0,0,0,11
harp,2/5,41,0,2,0,0,0,0,5
harrow,2/2,101,0,2,0,0,0,0,6
hash,1/1,101,0,1,0,0,0,0,13
hat,27/74,37,0,23,4,0,0,0,6
haw,12/33,37,0,12,0,0,0,0,13
hazard,4/5,81,0,3,1,0,0,0,9
hearing,3/4,76,0,3,0,0,0,0,10
heat,12/13,93,0,6,6,0,0,0,14
heater,9/26,35,0,8,1,0,0,0,5
heath,23/42,55,0,10,13,0,0,0,9
hedge,1/3,34,0,1,0,0,0,0,6
heel,7/9,78,0,7,0,0,0,0,7
heir,4/6,67,0,4,0,0,0,0,8
helicopter,3/4,76,0,3,0,0,0,0,7
helix,1/1,101,0,1,0,0,0,0,8
hellebore,2/5,41,0,2,0,0,0,0,5
hemangioma,1/2,51,0,1,0,0,0,0,12
hemochromatosis,3/3,101,0,3,0,0,0,0,10
hemoglobin,1/2,51,0,1,0,0,0,0,4
hemophilia,5/10,51,0,5,0,0,0,0,7
hemp,4/6,67,0,4,0,0,0,0,6
hen,4/9,45,0,4,0,0,0,0,5
hepatitis,8/8,101,0,3,5,0,0,0,6
hernia,5/18,28,0,5,0,0,0,0,7
herpes,6/10,61,0,2,4,0,0,0,6
hexagon,1/1,101,0,1,0,0,0,0,9
hide,2/3,67,0,2,0,0,0,0,4
hidrosis,2/3,67,0,2,0,0,0,0,5
hierarchy,2/3,67,0,2,0,0,0,0,5
hilt,1/1,101,0,1,0,0,0,0,8
hind,1/2,51,0,1,0,0,0,0,13
hinge,5/5,101,0,5,0,0,0,0,5
hitter,3/5,61,0,3,0,0,0,0,6
hoe,2/3,67,0,2,0,0,0,0,7
hold,8/27,30,0,3,5,0,0,0,6
hole,5/19,27,0,5,0,0,0,0,4
holly,11/23,48,0,11,0,0,0,0,9
holster,1/1,101,0,1,0,0,0,0,10
home,2/2,101,0,2,0,0,0,0,13
homer,1/2,51,0,1,0,0,0,0,6
hominy,2/2,101,0,2,0,0,0,0,6
honeysuckle,17/36,48,0,16,1,0,0,0,7
honours,1/3,34,0,1,0,0,0,0,8
hoof,1/3,34,0,1,0,0,0,0,8
hoopoe,1/2,51,0,1,0,0,0,0,7
horehound,2/3,67,0,2,0,0,0,0,8
hornbeam,2/4,51,0,2,0,0,0,0,10
hornet,4/8,51,0,4,0,0,0,0,10
horse,42/134,32,0,13,19,10,0,0,5
horsetail,8/18,45,0,8,0,0,0,0,9
host,1/1,101,0,1,0,0,0,0,4
hound,27/39,70,0,19,8,0,0,0,7
hour,3/3,101,0,3,0,0,0,0,7
house,33/85,39,0,26,5,1,1,0,5
husking,1/3,34,0,1,0,0,0,0,6
hut,2/2,101,0,2,0,0,0,0,8
hutch,1/1,101,0,1,0,0,0,0,8
hyalin,1/1,101,0,1,0,0,0,0,7
hydrangea,4/16,26,0,4,0,0,0,0,9
hydrate,1/1,101,0,1,0,0,0,0,5
hydride,2/7,29,0,2,0,0,0,0,4
hydrodynamics,1/1,101,0,1,0,0,0,0,8
hydrometer,1/3,34,0,1,0,0,0,0,5
hydroxide,6/17,36,0,6,0,0,0,0,6
hyena,4/10,41,0,4,0,0,0,0,8
hyperbilirubinemia,2/2,101,0,2,0,0,0,0,13
hypercholesterolemia,1/1,101,0,1,0,0,0,0,10
hyperemesis,1/1,101,0,1,0,0,0,0,12
hyperon,1/2,51,0,1,0,0,0,0,8
hyperplasia,1/2,51,0,1,0,0,0,0,5
hypertension,5/7,72,0,4,1,0,0,0,7
hypnosis,1/1,101,0,1,0,0,0,0,6
hypochlorite,2/5,41,0,2,0,0,0,0,4
hypogonadism,1/3,34,0,1,0,0,0,0,4
hypotension,2/2,101,0,2,0,0,0,0,11
hypoxia,4/13,31,0,4,0,0,0,0,7
hyrax,1/3,34,0,1,0,0,0,0,8
hysterectomy,3/3,101,0,3,0,0,0,0,6
hysteria,1/3,34,0,1,0,0,0,0,6
i,2/2,101,0,2,0,0,0,0,10
ibis,3/5,61,0,3,0,0,0,0,9
ichthyosaur,1/3,34,0,1,0,0,0,0,8
icterus,2/4,51,0,2,0,0,0,0,16
identity,1/3,34,0,1,0,0,0,0,6
illiterate,1/3,34,0,1,0,0,0,0,5
image,6/14,43,0,5,1,0,0,0,8
immune,1/2,51,0,1,0,0,0,0,5
immunoassay,1/1,101,0,1,0,0,0,0,6
immunology,1/3,34,0,1,0,0,0,0,6
implant,8/18,45,0,5,3,0,0,0,9
in-law,6/6,101,0,6,0,0,0,0,8
incontinence,4/6,67,0,1,3,0,0,0,5
incorrectness,1/1,101,0,1,0,0,0,0,11
incrimination,1/1,101,0,1,0,0,0,0,6
indictment,1/3,34,0,1,0,0,0,0,4
industry,32/57,57,0,32,0,0,0,0,6
infant,11/32,35,0,2,9,0,0,0,6
infarct,2/3,67,0,2,0,0,0,0,7
infarction,1/3,34,0,1,0,0,0,0,4
infinitive,1/1,101,0,1,0,0,0,0,7
inflation,2/4,51,0,2,0,0,0,0,7
influenza,2/4,51,0,2,0,0,0,0,4
injection,1/1,101,0,1,0,0,0,0,10
ink,8/8,101,0,7,1,0,0,0,9
insulin,1/4,26,0,1,0,0,0,0,8
insurance,22/28,79,0,14,8,0,0,0,9
integral,2/2,101,0,2,0,0,0,0,11
intensity,4/13,31,0,3,1,0,0,0,8
interface,1/1,101,0,1,0,0,0,0,11
interferon,3/3,101,0,3,0,0,0,0,6
interview,3/3,101,0,3,0,0,0,0,9
intro,1/2,51,0,1,0,0,0,0,5
inventory,1/1,101,0,1,0,0,0,0,7
inverse,2/3,67,0,2,0,0,0,0,10
iodide,4/4,101,0,4,0,0,0,0,9
iodin,2/2,101,0,2,0,0,0,0,6
iodine,2/2,101,0,2,0,0,0,0,5
iodothyronine,1/1,101,0,1,0,0,0,0,5
iodotyrosine,2/2,101,0,2,0,0,0,0,5
ion,6/8,76,0,2,4,0,0,0,8
iris,20/45,45,0,11,9,0,0,0,9
iron,18/25,73,0,11,5,2,0,0,7
island,2/4,51,0,2,0,0,0,0,10
ism,144/214,68,0,56,77,10,1,0,9
issue,5/6,84,0,5,0,0,0,0,10
item,4/10,41,0,4,0,0,0,0,6
jacket,18/44,41,0,17,1,0,0,0,5
jackrabbit,3/5,61,0,3,0,0,0,0,10
jam,1/2,51,0,1,0,0,0,0,15
jamb,1/2,51,0,1,0,0,0,0,5
jamming,3/3,101,0,3,0,0,0,0,8
jar,6/14,43,0,6,0,0,0,0,5
jasmine,5/10,51,0,5,0,0,0,0,8
jaundice,2/4,51,0,2,0,0,0,0,15
jaw,6/14,43,0,5,1,0,0,0,7
jerboa,1/2,51,0,1,0,0,0,0,9
jerky,1/2,51,0,1,0,0,0,0,4
jet,7/8,88,0,7,0,0,0,0,5
jib,1/1,101,0,1,0,0,0,0,8
joint,28/77,37,0,4,14,10,0,0,9
joist,2/3,67,0,2,0,0,0,0,6
joke,6/22,28,0,6,0,0,0,0,6
jubilee,2/2,101,0,2,0,0,0,0,8
jug,2/6,34,0,2,0,0,0,0,7
jugular,3/3,101,0,3,0,0,0,0,15
juice,6/8,76,0,6,0,0,0,0,6
jump,1/2,51,0,1,0,0,0,0,9
jumper,1/4,26,0,1,0,0,0,0,6
junco,2/3,67,0,2,0,0,0,0,12
jungle,1/1,101,0,1,0,0,0,0,10
juror,2/6,34,0,2,0,0,0,0,5
jury,6/6,101,0,6,0,0,0,0,8
kangaroo,12/25,49,0,6,6,0,0,0,6
keratosis,5/16,32,0,5,0,0,0,0,7
keratotomy,1/1,101,0,1,0,0,0,0,8
ketoaciduria,1/2,51,0,1,0,0,0,0,15
ketone,3/10,31,0,3,0,0,0,0,7
kettle,1/1,101,0,1,0,0,0,0,4
key,5/7,72,0,4,1,0,0,0,7
keyboard,4/7,58,0,3,1,0,0,0,5
kick,8/10,81,0,5,2,1,0,0,5
kicker,3/4,76,0,3,0,0,0,0,4
kiln,3/5,61,0,3,0,0,0,0,4
kingbird,6/9,67,0,6,0,0,0,0,10
kingfisher,2/7,29,0,2,0,0,0,0,5
kinglet,3/8,38,0,3,0,0,0,0,10
kiss,3/6,51,0,3,0,0,0,0,4
kit,2/3,67,0,2,0,0,0,0,7
knapweed,6/9,67,0,6,0,0,0,0,7
knife,28/44,64,0,18,10,0,0,0,6
knight,5/11,46,0,5,0,0,0,0,9
knob,1/2,51,0,1,0,0,0,0,4
ko,1/2,51,0,1,0,0,0,0,9
krait,1/3,34,0,1,0,0,0,0,10
kraurosis,1/1,101,0,1,0,0,0,0,8
kudu,2/4,51,0,2,0,0,0,0,13
kumquat,4/8,51,0,4,0,0,0,0,7
lab,9/9,101,0,9,0,0,0,0,11
labial,2/2,101,0,2,0,0,0,0,4
labor,3/4,76,0,3,0,0,0,0,9
laboratory,4/9,45,0,4,0,0,0,0,4
lac,5/5,101,0,5,0,0,0,0,6
lace,3/5,61,0,3,0,0,0,0,6
lacewing,2/8,26,0,2,0,0,0,0,4
lactogen,1/3,34,0,1,0,0,0,0,5
ladder,13/14,93,0,11,2,0,0,0,8
lamina,1/1,101,0,1,0,0,0,0,17
lamp,27/68,40,0,19,7,1,0,0,8
lamprey,1/2,51,0,1,0,0,0,0,8
land,1/3,34,0,1,0,0,0,0,7
landfill,1/1,101,0,1,0,0,0,0,10
lantern,3/4,76,0,3,0,0,0,0,7
lark,2/4,51,0,2,0,0,0,0,14
lathe,1/1,101,0,1,0,0,0,0,7
lattice,3/3,101,0,3,0,0,0,0,8
laureate,1/3,34,0,1,0,0,0,0,4
lava,1/3,34,0,1,0,0,0,0,4
lavage,1/1,101,0,1,0,0,0,0,9
lavender,4/8,51,0,4,0,0,0,0,10
law,28/38,74,0,21,6,1,0,0,10
leaf,59/83,72,0,19,33,7,0,0,8
league,10/15,67,0,9,1,0,0,0,6
leave,5/10,51,0,5,0,0,0,0,7
ledger,3/5,61,0,3,0,0,0,0,6
leech,2/3,67,0,2,0,0,0,0,10
leeward,2/2,101,0,2,0,0,0,0,5
left,2/2,101,0,2,0,0,0,0,7
leg,5/15,34,0,5,0,0,0,0,6
legend,1/1,101,0,1,0,0,0,0,11
legislation,1/3,34,0,1,0,0,0,0,15
leishmaniasis,8/15,54,0,8,0,0,0,0,6
lemming,9/14,65,0,8,1,0,0,0,11
lens,22/35,63,0,15,7,0,0,0,8
leprosy,2/2,101,0,2,0,0,0,0,13
lesson,10/10,101,0,5,5,0,0,0,7
letter,17/33,52,0,14,3,0,0,0,5
leukemia,21/24,88,0,9,12,0,0,0,14
liberal,2/5,41,0,2,0,0,0,0,4
liberalism,1/1,101,0,1,0,0,0,0,4
libertarian,2/2,101,0,2,0,0,0,0,8
license,10/27,38,0,9,1,0,0,0,9
lichen,2/2,101,0,2,0,0,0,0,11
lien,10/10,101,0,7,3,0,0,0,11
lieutenant,5/5,101,0,5,0,0,0,0,5
ligament,3/3,101,0,3,0,0,0,0,15
ligation,1/1,101,0,1,0,0,0,0,7
lightning,3/5,61,0,3,0,0,0,0,4
lilac,6/14,43,0,6,0,0,0,0,11
lily,25/42,60,0,25,0,0,0,0,10
limen,2/8,26,0,2,0,0,0,0,13
line,4/15,27,0,4,0,0,0,0,6
lining,3/6,51,0,3,0,0,0,0,6
lion,3/3,101,0,3,0,0,0,0,4
lip,2/2,101,0,2,0,0,0,0,5
lipectomy,1/2,51,0,1,0,0,0,0,6
lipoprotein,5/8,63,0,5,0,0,0,0,4
lithiasis,4/5,81,0,4,0,0,0,0,7
lithograph,1/1,101,0,1,0,0,0,0,6
lithography,3/3,101,0,3,0,0,0,0,7
lithotomy,1/1,101,0,1,0,0,0,0,6
litigation,1/2,51,0,1,0,0,0,0,8
lizard,42/126,34,0,11,24,4,3,0,9
load,5/8,63,0,5,0,0,0,0,5
loaf,5/5,101,0,3,1,1,0,0,6
loan,20/25,81,0,14,6,0,0,0,10
lobe,9/15,61,0,9,0,0,0,0,9
lobotomy,1/1,101,0,1,0,0,0,0,14
lobster,6/8,76,0,6,0,0,0,0,7
lock,7/11,64,0,7,0,0,0,0,7
locomotive,6/18,34,0,4,2,0,0,0,5
locoweed,1/3,34,0,1,0,0,0,0,8
locust,1/3,34,0,1,0,0,0,0,13
lode,2/2,101,0,2,0,0,0,0,9
loft,1/1,101,0,1,0,0,0,0,10
log,2/2,101,0,2,0,0,0,0,6
logarithm,3/3,101,0,3,0,0,0,0,9
logic,1/1,101,0,1,0,0,0,0,7
loom,8/9,89,0,6,2,0,0,0,8
loosestrife,3/6,51,0,3,0,0,0,0,6
lore,1/2,51,0,1,0,0,0,0,8
lorikeet,1/4,26,0,1,0,0,0,0,12
lotion,3/6,51,0,3,0,0,0,0,5
louse,5/11,46,0,5,0,0,0,0,7
luminescence,2/2,101,0,2,0,0,0,0,5
lunch,1/1,101,0,1,0,0,0,0,10
lupin,4/13,31,0,4,0,0,0,0,9
lupine,4/13,31,0,4,0,0,0,0,8
lupus,5/8,63,0,5,0,0,0,0,12
luxation,1/1,101,0,1,0,0,0,0,4
lyric,1/1,101,0,1,0,0,0,0,6
lysin,1/1,101,0,1,0,0,0,0,5
macadamia,2/6,34,0,2,0,0,0,0,10
macaroon,1/3,34,0,1,0,0,0,0,5
mackerel,2/2,101,0,2,0,0,0,0,8
madam,1/2,51,0,1,0,0,0,0,4
mag,4/9,45,0,4,0,0,0,0,8
magistrate,1/3,34,0,1,0,0,0,0,8
magnet,8/12,67,0,7,1,0,0,0,6
magnetism,6/6,101,0,5,1,0,0,0,6
magpie,2/4,51,0,2,0,0,0,0,9
mahogany,1/2,51,0,1,0,0,0,0,10
maid,6/7,86,0,6,0,0,0,0,8
maidenhair,12/20,61,0,9,3,0,0,0,9
mail,11/35,32,0,9,1,0,1,0,8
maker,28/92,31,0,22,4,2,0,0,5
making,4/5,81,0,4,0,0,0,0,5
mako,2/7,29,0,2,0,0,0,0,10
malacia,1/1,101,0,1,0,0,0,0,6
mallee,3/7,43,0,3,0,0,0,0,8
mallet,2/3,67,0,2,0,0,0,0,6
mallow,31/125,25,0,17,14,0,0,0,8
mamba,2/3,67,0,1,1,0,0,0,11
mammoth,4/8,51,0,4,0,0,0,0,11
manager,3/3,101,0,3,0,0,0,0,6
mania,11/16,69,0,11,0,0,0,0,6
manifold,3/3,101,0,3,0,0,0,0,8
mantid,1/3,34,0,1,0,0,0,0,9
mantis,1/3,34,0,1,0,0,0,0,9
manual,3/9,34,0,3,0,0,0,0,9
manure,4/5,81,0,4,0,0,0,0,6
manzanita,5/7,72,0,5,0,0,0,0,11
map,6/13,47,0,6,0,0,0,0,8
maple,1/1,101,0,1,0,0,0,0,12
mare,2/2,101,0,2,0,0,0,0,6
marigold,4/6,67,0,4,0,0,0,0,7
mariposa,3/9,34,0,3,0,0,0,0,12
marker,2/3,67,0,2,0,0,0,0,4
market,9/13,70,0,9,0,0,0,0,6
marlin,5/9,56,0,5,0,0,0,0,9
marmalade,1/1,101,0,1,0,0,0,0,8
marmoset,3/11,28,0,3,0,0,0,0,5
marmot,3/10,31,0,3,0,0,0,0,8
marrow,4/4,101,0,4,0,0,0,0,9
marsh,1/1,101,0,1,0,0,0,0,6
marshal,2/2,101,0,2,0,0,0,0,5
marten,5/17,30,0,5,0,0,0,0,7
martini,1/1,101,0,1,0,0,0,0,7
maser,1/1,101,0,1,0,0,0,0,5
mash,1/1,101,0,1,0,0,0,0,6
mask,2/4,51,0,2,0,0,0,0,5
masochism,1/1,101,0,1,0,0,0,0,5
masonry,2/7,29,0,1,1,0,0,0,4
masque,1/3,34,0,1,0,0,0,0,9
masquerade,1/3,34,0,1,0,0,0,0,5
mass,12/22,55,0,12,0,0,0,0,9
massage,3/8,38,0,3,0,0,0,0,5
mast,11/15,74,0,7,4,0,0,0,6
mastectomy,3/3,101,0,3,0,0,0,0,11
master,1/1,101,0,1,0,0,0,0,5
masterwort,1/2,51,0,1,0,0,0,0,7
mastiff,1/1,101,0,1,0,0,0,0,9
mastodon,2/3,67,0,2,0,0,0,0,10
mastodont,1/3,34,0,1,0,0,0,0,9
mat,2/2,101,0,2,0,0,0,0,7
match,4/6,67,0,4,0,0,0,0,5
matrix,10/14,72,0,4,3,1,2,0,8
mayo,1/2,51,0,1,0,0,0,0,10
mayonnaise,1/2,51,0,1,0,0,0,0,4
mayor,2/4,51,0,2,0,0,0,0,4
meadowlark,2/4,51,0,2,0,0,0,0,8
mealybug,5/8,63,0,5,0,0,0,0,12
mean,3/6,51,0,3,0,0,0,0,10
measles,2/4,51,0,2,0,0,0,0,7
meatball,1/3,34,0,1,0,0,0,0,6
meatus,3/6,51,0,3,0,0,0,0,9
mechanics,4/16,26,0,4,0,0,0,0,4
mechanism,1/1,101,0,1,0,0,0,0,13
meerkat,1/4,26,0,1,0,0,0,0,11
meet,4/6,67,0,4,0,0,0,0,6
melon,11/15,74,0,4,4,3,0,0,6
memo,1/2,51,0,1,0,0,0,0,10
memory,2/6,34,0,2,0,0,0,0,6
men,2/4,51,0,2,0,0,0,0,9
meningitis,7/10,71,0,6,1,0,0,0,9
merganser,5/11,46,0,5,0,0,0,0,8
mesoderm,2/3,67,0,2,0,0,0,0,5
meson,4/9,45,0,4,0,0,0,0,4
mesquit,3/11,28,0,3,0,0,0,0,8
mesquite,3/11,28,0,3,0,0,0,0,7
metabolism,3/7,43,0,3,0,0,0,0,5
metallurgy,1/1,101,0,1,0,0,0,0,8
metaphor,4/4,101,0,4,0,0,0,0,8
meteor,5/8,63,0,2,3,0,0,0,5
methyl,1/2,51,0,1,0,0,0,0,7
microphone,5/7,72,0,4,1,0,0,0,7
microscope,9/14,65,0,2,6,1,0,0,7
microscopy,2/5,41,0,2,0,0,0,0,14
military,1/2,51,0,1,0,0,0,0,4
milk,24/24,101,0,23,1,0,0,0,9
milkweed,9/29,32,0,9,0,0,0,0,9
mill,10/31,33,0,7,3,0,0,0,7
mind,2/7,29,0,2,0,0,0,0,7
mine,9/10,91,0,9,0,0,0,0,6
miner,4/11,37,0,4,0,0,0,0,5
mining,3/3,101,0,3,0,0,0,0,8
mirror,5/11,46,0,3,2,0,0,0,5
missile,9/25,37,0,6,3,0,0,0,6
mistletoe,1/3,34,0,1,0,0,0,0,13
mix,4/6,67,0,1,3,0,0,0,10
moa,1/4,26,0,1,0,0,0,0,12
mob,1/1,101,0,1,0,0,0,0,7
mobilisation,1/3,34,0,1,0,0,0,0,5
modem,1/1,101,0,1,0,0,0,0,10
mojarra,1/4,26,0,1,0,0,0,0,9
mola,1/2,51,0,1,0,0,0,0,11
molluscum,1/1,101,0,1,0,0,0,0,13
moment,3/12,26,0,3,0,0,0,0,5
mon,1/2,51,0,1,0,0,0,0,10
monday,1/2,51,0,1,0,0,0,0,7
mongoose,1/4,26,0,1,0,0,0,0,7
monogamy,1/2,51,0,1,0,0,0,0,4
monoxide,2/3,67,0,2,0,0,0,0,5
montage,1/1,101,0,1,0,0,0,0,6
moonseed,3/6,51,0,3,0,0,0,0,9
mop,4/4,101,0,4,0,0,0,0,6
morel,10/22,46,0,9,1,0,0,0,9
morphine,1/1,101,0,1,0,0,0,0,4
mortgage,3/3,101,0,3,0,0,0,0,8
mosquito,5/12,42,0,5,0,0,0,0,8
moss,5/8,63,0,5,0,0,0,0,8
moth,69/153,46,0,19,40,7,3,0,10
mould,1/3,34,0,1,0,0,0,0,5
mouse,13/21,62,0,6,7,0,0,0,10
mousse,1/1,101,0,1,0,0,0,0,11
mower,4/4,101,0,3,1,0,0,0,7
muffin,2/3,67,0,2,0,0,0,0,4
mufti,1/1,101,0,1,0,0,0,0,7
mugwort,2/8,26,0,2,0,0,0,0,8
muishond,2/6,34,0,2,0,0,0,0,7
mulberry,3/6,51,0,3,0,0,0,0,5
mullein,7/13,54,0,7,0,0,0,0,8
multimedia,2/4,51,0,2,0,0,0,0,10
multiple,2/6,34,0,2,0,0,0,0,4
multiplexer,1/1,101,0,1,0,0,0,0,6
murre,2/4,51,0,2,0,0,0,0,8
muscle,61/196,32,0,8,36,17,0,0,11
museum,1/1,101,0,1,0,0,0,0,9
mustard,7/19,37,0,7,0,0,0,0,5
mutagenesis,1/1,101,0,1,0,0,0,0,13
muteness,1/2,51,0,1,0,0,0,0,5
mutism,1/2,51,0,1,0,0,0,0,7
myeloma,1/1,101,0,1,0,0,0,0,10
myna,2/6,34,0,2,0,0,0,0,10
myoma,2/2,101,0,2,0,0,0,0,6
myositis,4/6,67,0,4,0,0,0,0,8
myotonia,2/3,67,0,2,0,0,0,0,8
mythology,4/4,101,0,2,2,0,0,0,8
myxovirus,2/3,67,0,2,0,0,0,0,10
n,1/2,51,0,1,0,0,0,0,10
nail,4/5,81,0,2,2,0,0,0,6
name,35/115,31,0,27,8,0,0,0,6
naphthol,2/2,101,0,2,0,0,0,0,6
narcosis,1/1,101,0,1,0,0,0,0,10
naris,2/3,67,0,2,0,0,0,0,8
navigation,2/4,51,0,2,0,0,0,0,7
neck,1/1,101,0,1,0,0,0,0,6
neckline,1/3,34,0,1,0,0,0,0,4
necrosis,1/1,101,0,1,0,0,0,0,4
nephew,2/2,101,0,2,0,0,0,0,6
nephritis,1/1,101,0,1,0,0,0,0,10
nerve,51/99,52,0,14,37,0,0,0,10
nest,9/17,53,0,5,4,0,0,0,5
nettle,4/16,26,0,4,0,0,0,0,8
network,3/10,31,0,2,1,0,0,0,7
neuralgia,1/3,34,0,1,0,0,0,0,6
neuritis,4/6,67,0,3,1,0,0,0,11
neuron,5/12,42,0,5,0,0,0,0,7
neuropathy,3/4,76,0,3,0,0,0,0,16
neuroscience,1/3,34,0,1,0,0,0,0,5
neurosis,2/5,41,0,2,0,0,0,0,8
neutropenia,1/1,101,0,1,0,0,0,0,8
newt,4/10,41,0,2,2,0,0,0,10
niece,2/2,101,0,2,0,0,0,0,6
night,2/2,101,0,2,0,0,0,0,7
nightshade,11/42,27,0,11,0,0,0,0,6
nitrate,8/25,33,0,8,0,0,0,0,6
nitride,1/1,101,0,1,0,0,0,0,11
nitril,2/3,67,0,2,0,0,0,0,8
nitrile,2/3,67,0,2,0,0,0,0,7
nitrite,1/1,101,0,1,0,0,0,0,8
noodle,1/1,101,0,1,0,0,0,0,5
notch,1/3,34,0,0,1,0,0,0,6
nothings,1/2,51,0,1,0,0,0,0,6
noun,9/11,82,0,6,3,0,0,0,7
novel,5/11,46,0,5,0,0,0,0,7
nuclease,4/5,81,0,2,2,0,0,0,10
nucleus,2/2,101,0,2,0,0,0,0,8
nuisance,6/6,101,0,6,0,0,0,0,9
numeral,4/6,67,0,4,0,0,0,0,7
nurse,13/20,66,0,10,3,0,0,0,7
nursery,1/2,51,0,1,0,0,0,0,7
nut,31/49,64,0,7,22,2,0,0,6
nuthatch,3/6,51,0,3,0,0,0,0,11
nystagmus,3/3,101,0,3,0,0,0,0,14
o,1/2,51,0,1,0,0,0,0,8
oak,2/2,101,0,2,0,0,0,0,6
oat,6/10,61,0,6,0,0,0,0,10
oboe,3/8,38,0,3,0,0,0,0,7
observation,1/1,101,0,1,0,0,0,0,7
ode,4/8,51,0,4,0,0,0,0,9
odontalgia,1/1,101,0,1,0,0,0,0,4
office,10/17,59,0,9,1,0,0,0,6
oil,86/116,75,0,48,35,3,0,0,8
ology,1/1,101,0,1,0,0,0,0,5
omelet,4/6,67,0,2,2,0,0,0,7
omentum,3/4,76,0,3,0,0,0,0,7
onyx,1/1,101,0,1,0,0,0,0,5
opacity,3/3,101,0,3,0,0,0,0,7
opal,3/4,76,0,3,0,0,0,0,7
opera,5/8,63,0,4,1,0,0,0,6
operator,2/4,51,0,2,0,0,0,0,7
ophthalmia,1/1,101,0,1,0,0,0,0,12
option,10/13,77,0,8,2,0,0,0,6
orach,1/3,34,0,1,0,0,0,0,11
orache,1/3,34,0,1,0,0,0,0,10
orange,8/8,101,0,5,3,0,0,0,7
oration,1/1,101,0,1,0,0,0,0,4
orbit,2/2,101,0,1,1,0,0,0,15
orchard,2/4,51,0,2,0,0,0,0,6
orchestra,3/5,61,0,3,0,0,0,0,6
orchis,5/10,51,0,5,0,0,0,0,10
order,1/4,26,0,1,0,0,0,0,4
orgasm,1/1,101,0,1,0,0,0,0,6
oriole,1/3,34,0,1,0,0,0,0,7
orthophosphate,1/3,34,0,1,0,0,0,0,5
oscillator,4/4,101,0,4,0,0,0,0,9
osmosis,1/1,101,0,1,0,0,0,0,9
osteitis,1/3,34,0,1,0,0,0,0,8
ostomy,2/2,101,0,2,0,0,0,0,4
otitis,3/4,76,0,3,0,0,0,0,8
out,4/10,41,0,2,2,0,0,0,7
oven,2/5,41,0,2,0,0,0,0,5
over,1/2,51,0,1,0,0,0,0,5
overhaul,1/1,101,0,1,0,0,0,0,9
ovule,4/5,81,0,4,0,0,0,0,11
owl,19/33,58,0,16,3,0,0,0,10
oxalate,1/1,101,0,1,0,0,0,0,8
oxidase,3/3,101,0,1,2,0,0,0,12
oxide,31/63,50,0,21,10,0,0,0,7
oyster,7/14,51,0,7,0,0,0,0,8
pad,4/6,67,0,3,1,0,0,0,9
paddle,1/3,34,0,1,0,0,0,0,12
page,5/20,26,0,5,0,0,0,0,6
paint,14/49,29,0,10,4,0,0,0,5
pallium,2/4,51,0,2,0,0,0,0,4
palmetto,2/3,67,0,2,0,0,0,0,7
pan,12/17,71,0,8,4,0,0,0,7
pane,1/2,51,0,1,0,0,0,0,5
pang,1/1,101,0,1,0,0,0,0,7
paper,59/210,29,0,40,18,1,0,0,5
papule,1/2,51,0,1,0,0,0,0,7
parade,1/3,34,0,1,0,0,0,0,7
parakeet,4/12,34,0,4,0,0,0,0,7
parallax,7/7,101,0,4,3,0,0,0,10
paresis,1/1,101,0,1,0,0,0,0,5
park,2/2,101,0,2,0,0,0,0,9
parka,1/3,34,0,1,0,0,0,0,4
parsley,4/6,67,0,4,0,0,0,0,15
participle,3/3,101,0,3,0,0,0,0,8
pasty,1/2,51,0,1,0,0,0,0,6
pat,1/1,101,0,1,0,0,0,0,11
pate,2/3,67,0,2,0,0,0,0,8
path,2/8,26,0,2,0,0,0,0,7
pathology,2/2,101,0,2,0,0,0,0,6
pay,8/12,67,0,8,0,0,0,0,7
pea,10/11,91,0,6,4,0,0,0,7
peafowl,2/8,26,0,2,0,0,0,0,4
pear,2/6,34,0,2,0,0,0,0,4
pearl,1/1,101,0,1,0,0,0,0,6
pearlite,2/2,101,0,2,0,0,0,0,10
peccary,3/8,38,0,3,0,0,0,0,9
pectoral,6/6,101,0,6,0,0,0,0,14
pectoralis,4/6,67,0,4,0,0,0,0,12
pediculosis,3/5,61,0,3,0,0,0,0,4
pelican,2/4,51,0,2,0,0,0,0,14
pen,6/12,51,0,6,0,0,0,0,7
pencil,2/2,101,0,2,0,0,0,0,6
pendulum,7/8,88,0,4,2,1,0,0,7
penguin,5/11,46,0,5,0,0,0,0,9
pennon,2/3,67,0,2,0,0,0,0,4
pension,2/6,34,0,2,0,0,0,0,10
pensioner,1/1,101,0,1,0,0,0,0,9
peptide,2/5,41,0,2,0,0,0,0,5
perchloride,1/1,101,0,1,0,0,0,0,6
perfect,8/8,101,0,8,0,0,0,0,9
peripatus,1/1,101,0,1,0,0,0,0,20
permanganate,2/2,101,0,2,0,0,0,0,11
peroxidase,2/2,101,0,2,0,0,0,0,13
persimmon,2/8,26,0,2,0,0,0,0,5
personality,6/13,47,0,6,0,0,0,0,7
pes,1/3,34,0,1,0,0,0,0,7
petrel,6/18,34,0,4,2,0,0,0,11
petrol,2/5,41,0,2,0,0,0,0,8
petunia,3/6,51,0,3,0,0,0,0,12
pewee,1/2,51,0,1,0,0,0,0,14
phage,2/2,101,0,2,0,0,0,0,11
phalarope,3/6,51,0,3,0,0,0,0,9
phase,17/37,46,0,10,7,0,0,0,6
pheresis,2/2,101,0,2,0,0,0,0,8
philately,1/1,101,0,1,0,0,0,0,5
phlebitis,1/1,101,0,1,0,0,0,0,8
phlox,5/15,34,0,5,0,0,0,0,9
phobia,38/38,101,0,3,28,7,0,0,6
phone,15/19,79,0,11,4,0,0,0,8
phosphate,3/3,101,0,3,0,0,0,0,10
photometer,1/1,101,0,1,0,0,0,0,8
photometry,1/1,101,0,1,0,0,0,0,5
phrase,7/11,64,0,7,0,0,0,0,6
physicist,3/11,28,0,2,1,0,0,0,4
piano,8/16,51,0,4,4,0,0,0,7
pickle,3/5,61,0,2,1,0,0,0,6
pie,15/26,58,0,11,3,1,0,0,8
pigeon,10/34,30,0,7,2,1,0,0,7
pika,1/4,26,0,1,0,0,0,0,13
pike,1/4,26,0,1,0,0,0,0,5
pikeblenny,1/2,51,0,1,0,0,0,0,11
pilaf,1/1,101,0,1,0,0,0,0,8
piling,1/3,34,0,1,0,0,0,0,6
pill,2/3,67,0,1,1,0,0,0,10
pillow,2/3,67,0,2,0,0,0,0,4
pilot,7/15,47,0,6,1,0,0,0,5
pin,5/9,56,0,5,0,0,0,0,5
pine,80/128,63,0,54,23,3,0,0,10
pinion,1/2,51,0,1,0,0,0,0,8
pink,4/12,34,0,4,0,0,0,0,5
pinscher,4/6,67,0,4,0,0,0,0,6
pipe,6/21,29,0,6,0,0,0,0,5
pipefish,2/6,34,0,2,0,0,0,0,8
pipit,1/2,51,0,1,0,0,0,0,10
pistil,3/5,61,0,3,0,0,0,0,5
pistol,6/20,31,0,6,0,0,0,0,5
pit,6/9,67,0,6,0,0,0,0,6
pitch,5/17,30,0,5,0,0,0,0,4
pitcher,4/16,26,0,4,0,0,0,0,4
pityriasis,2/3,67,0,2,0,0,0,0,4
pizza,5/5,101,0,5,0,0,0,0,9
placebo,1/1,101,0,1,0,0,0,0,8
plague,8/12,67,0,6,2,0,0,0,9
plain,5/15,34,0,3,2,0,0,0,4
plane,19/55,35,0,12,7,0,0,0,8
planet,5/10,51,0,5,0,0,0,0,6
plantain,8/24,34,0,8,0,0,0,0,7
plaque,5/5,101,0,5,0,0,0,0,11
plasmin,1/1,101,0,1,0,0,0,0,5
plater,1/1,101,0,1,0,0,0,0,8
play,6/8,76,0,6,0,0,0,0,9
pleat,6/8,76,0,4,2,0,0,0,5
plethysmograph,2/2,101,0,2,0,0,0,0,7
pleura,2/2,101,0,2,0,0,0,0,10
pleurisy,1/2,51,0,1,0,0,0,0,9
plexus,38/40,96,0,7,31,0,0,0,10
pliers,5/5,101,0,5,0,0,0,0,11
plow,2/8,26,0,1,1,0,0,0,9
plum,22/42,53,0,10,12,0,0,0,10
plutonium,3/3,101,0,1,2,0,0,0,9
pneumonia,11/13,85,0,9,2,0,0,0,11
pocket,6/7,86,0,5,1,0,0,0,5
pod,1/2,51,0,1,0,0,0,0,5
poet,3/7,43,0,3,0,0,0,0,5
poetry,2/3,67,0,2,0,0,0,0,4
poisoning,11/16,69,0,9,2,0,0,0,9
polish,1/2,51,0,1,0,0,0,0,4
poll,2/3,67,0,2,0,0,0,0,6
pollen,1/2,51,0,1,0,0,0,0,6
pollination,2/3,67,0,2,0,0,0,0,4
pollution,9/15,61,0,7,2,0,0,0,6
polyester,1/1,101,0,1,0,0,0,0,7
polymerase,2/4,51,0,2,0,0,0,0,6
polymorphism,1/2,51,0,1,0,0,0,0,5
polyneuritis,1/3,34,0,1,0,0,0,0,10
polynomial,5/17,30,0,5,0,0,0,0,4
polyp,3/3,101,0,3,0,0,0,0,12
polypody,7/21,34,0,7,0,0,0,0,8
pond,3/6,51,0,3,0,0,0,0,5
pond-skater,1/2,51,0,1,0,0,0,0,7
pondweed,5/11,46,0,5,0,0,0,0,11
poodle,4/4,101,0,4,0,0,0,0,8
pool,3/11,28,0,2,1,0,0,0,5
pope,1/1,101,0,1,0,0,0,0,5
poppy,19/43,45,0,19,0,0,0,0,11
porcupine,6/8,76,0,2,4,0,0,0,10
porn,3/3,101,0,3,0,0,0,0,9
porno,1/3,34,0,1,0,0,0,0,8
port,7/14,51,0,6,1,0,0,0,7
positivist,1/1,101,0,1,0,0,0,0,9
possum,2/4,51,0,2,0,0,0,0,13
post,3/7,43,0,2,1,0,0,0,10
postcard,1/2,51,0,1,0,0,0,0,6
pot,6/19,32,0,5,1,0,0,0,5
potato,6/10,61,0,5,1,0,0,0,7
potty,2/5,41,0,2,0,0,0,0,7
prawn,1/1,101,0,1,0,0,0,0,7
precinct,2/3,67,0,2,0,0,0,0,8
pregnancy,6/18,34,0,3,3,0,0,0,4
pressure,23/29,80,0,11,8,4,0,0,8
pretzel,1/1,101,0,1,0,0,0,0,6
primary,3/3,101,0,1,2,0,0,0,7
prime,1/1,101,0,1,0,0,0,0,8
prince,4/11,37,0,4,0,0,0,0,5
princess,2/5,41,0,2,0,0,0,0,4
print,2/2,101,0,2,0,0,0,0,6
prism,2/8,26,0,2,0,0,0,0,10
privet,7/15,47,0,7,0,0,0,0,11
prize,2/7,29,0,2,0,0,0,0,5
pro,2/3,67,0,2,0,0,0,0,9
problem,2/2,101,0,2,0,0,0,0,13
procaine,1/3,34,0,1,0,0,0,0,6
prodigy,2/5,41,0,2,0,0,0,0,6
prof,5/5,101,0,5,0,0,0,0,14
professor,5/5,101,0,5,0,0,0,0,9
profile,1/1,101,0,1,0,0,0,0,12
progression,3/3,101,0,3,0,0,0,0,11
progressive,6/6,101,0,6,0,0,0,0,10
pronoun,6/8,76,0,5,1,0,0,0,9
propeller,3/6,51,0,3,0,0,0,0,4
propulsion,4/4,101,0,2,2,0,0,0,8
protocol,5/12,42,0,4,1,0,0,0,11
pruritus,2/2,101,0,2,0,0,0,0,6
psychology,16/31,52,0,14,2,0,0,0,7
ptosis,1/1,101,0,1,0,0,0,0,6
publishing,2/6,34,0,2,0,0,0,0,4
pudding,2/2,101,0,2,0,0,0,0,7
puffball,1/2,51,0,1,0,0,0,0,8
puffin,3/6,51,0,3,0,0,0,0,10
pulley,2/7,29,0,2,0,0,0,0,5
pump,23/31,75,0,18,5,0,0,0,8
punch,6/12,51,0,6,0,0,0,0,4
purple,3/8,38,0,2,1,0,0,0,4
purpura,4/5,81,0,4,0,0,0,0,18
pushup,1/1,101,0,1,0,0,0,0,10
pussytoes,3/4,76,0,3,0,0,0,0,11
pyelogram,1/2,51,0,1,0,0,0,0,4
pyelonephritis,2/2,101,0,2,0,0,0,0,8
pyrexia,1/1,101,0,1,0,0,0,0,6
pyridine,1/1,101,0,1,0,0,0,0,11
pyrometer,3/5,61,0,3,0,0,0,0,8
python,4/11,37,0,4,0,0,0,0,10
quantifier,1/2,51,0,1,0,0,0,0,12
quark,9/9,101,0,9,0,0,0,0,6
quartette,1/3,34,0,1,0,0,0,0,8
quassia,1/1,101,0,1,0,0,0,0,9
queen,1/1,101,0,1,0,0,0,0,5
quilt,3/6,51,0,2,1,0,0,0,7
quinone,1/2,51,0,1,0,0,0,0,4
quiz,1/1,101,0,1,0,0,0,0,5
quote,3/3,101,0,3,0,0,0,0,8
rabbit,9/23,40,0,7,2,0,0,0,7
race,3/8,38,0,1,2,0,0,0,9
racing,8/8,101,0,6,2,0,0,0,8
rack,15/20,76,0,11,4,0,0,0,6
racquet,3/9,34,0,3,0,0,0,0,5
radar,5/5,101,0,5,0,0,0,0,11
radical,21/74,29,0,17,4,0,0,0,5
radiography,1/1,101,0,1,0,0,0,0,5
radiometer,1/3,34,0,1,0,0,0,0,6
radius,1/2,51,0,1,0,0,0,0,10
raft,2/4,51,0,2,0,0,0,0,7
rag,1/1,101,0,1,0,0,0,0,10
raid,1/3,34,0,1,0,0,0,0,4
rail,4/5,81,0,4,0,0,0,0,5
railway,7/22,32,0,7,0,0,0,0,4
raisin,2/4,51,0,2,0,0,0,0,5
rale,1/1,101,0,1,0,0,0,0,13
rally,1/3,34,0,1,0,0,0,0,6
raphe,1/1,101,0,1,0,0,0,0,10
rash,2/7,29,0,2,0,0,0,0,6
raspberry,8/31,26,0,5,3,0,0,0,6
rat,18/42,43,0,10,6,2,0,0,12
rates,1/1,101,0,1,0,0,0,0,6
ration,3/3,101,0,1,2,0,0,0,4
rattlebox,2/4,51,0,2,0,0,0,0,11
rattlesnake,12/33,37,0,11,1,0,0,0,7
ray,5/10,51,0,4,1,0,0,0,6
rayon,2/4,51,0,2,0,0,0,0,6
razor,3/5,61,0,3,0,0,0,0,8
reaction,15/52,29,0,13,2,0,0,0,7
rebate,1/1,101,0,1,0,0,0,0,6
receptor,4/6,67,0,4,0,0,0,0,11
recorder,6/13,47,0,3,2,1,0,0,6
rectifier,1/3,34,0,1,0,0,0,0,4
red,12/27,45,0,9,3,0,0,0,6
reductase,2/2,101,0,2,0,0,0,0,24
reed,3/10,31,0,3,0,0,0,0,8
reef,2/6,34,0,1,1,0,0,0,4
refinery,3/3,101,0,3,0,0,0,0,7
reflux,6/6,101,0,6,0,0,0,0,14
reform,1/4,26,0,1,0,0,0,0,7
reformation,1/1,101,0,1,0,0,0,0,8
refraction,1/2,51,0,1,0,0,0,0,6
rehabilitation,4/5,81,0,4,0,0,0,0,11
rehearsal,1/3,34,0,1,0,0,0,0,4
reign,1/1,101,0,1,0,0,0,0,11
rein,3/3,101,0,3,0,0,0,0,8
reinforcer,2/4,51,0,2,0,0,0,0,15
relativity,8/8,101,0,8,0,0,0,0,18
relievo,3/10,31,0,3,0,0,0,0,5
renewal,1/3,34,0,1,0,0,0,0,8
rent,3/3,101,0,3,0,0,0,0,8
reporter,2/8,26,0,2,0,0,0,0,5
research,10/37,28,0,5,3,1,1,0,10
resection,1/2,51,0,1,0,0,0,0,13
reservation,1/3,34,0,1,0,0,0,0,4
resolution,1/1,101,0,1,0,0,0,0,7
resonance,4/5,81,0,2,2,0,0,0,9
resort,2/3,67,0,2,0,0,0,0,7
resource,6/25,25,0,3,3,0,0,0,4
resuscitation,3/5,61,0,3,0,0,0,0,6
retinitis,1/1,101,0,1,0,0,0,0,7
retinopathy,1/1,101,0,1,0,0,0,0,10
retriever,5/5,101,0,5,0,0,0,0,12
return,5/6,84,0,5,0,0,0,0,12
revolution,1/3,34,0,1,0,0,0,0,15
rhabdomyosarcoma,3/6,51,0,3,0,0,0,0,9
rhabdosarcoma,3/6,51,0,3,0,0,0,0,12
rhinitis,1/3,34,0,1,0,0,0,0,5
rhino,4/9,45,0,4,0,0,0,0,13
rhinoceros,4/9,45,0,4,0,0,0,0,8
rhyme,8/11,73,0,8,0,0,0,0,7
rice,3/4,76,0,3,0,0,0,0,6
rickey,1/1,101,0,1,0,0,0,0,5
ridley,4/7,58,0,4,0,0,0,0,10
rifle,4/9,45,0,4,0,0,0,0,5
rig,5/6,84,0,4,1,0,0,0,8
right,35/109,33,0,10,18,7,0,0,10
rilievo,3/10,31,0,3,0,0,0,0,5
rima,7/25,29,0,7,0,0,0,0,7
rind,4/13,31,0,2,2,0,0,0,6
ringing,1/1,101,0,1,0,0,0,0,6
rink,4/5,81,0,2,2,0,0,0,8
riot,1/1,101,0,1,0,0,0,0,6
roast,14/21,67,0,13,1,0,0,0,6
robe,3/6,51,0,3,0,0,0,0,7
robotics,1/2,51,0,1,0,0,0,0,5
roof,14/31,46,0,11,2,1,0,0,7
room,105/331,32,0,61,35,9,0,0,6
roost,1/1,101,0,1,0,0,0,0,4
root,11/32,35,0,11,0,0,0,0,6
roping,2/2,101,0,2,0,0,0,0,6
rose,14/31,46,0,14,0,0,0,0,8
rot,1/4,26,0,1,0,0,0,0,8
rubber,5/7,72,0,5,0,0,0,0,5
rug,8/21,39,0,7,1,0,0,0,7
rum,2/4,51,0,2,0,0,0,0,6
run,3/4,76,0,3,0,0,0,0,7
ryegrass,3/11,28,0,3,0,0,0,0,5
s,1/1,101,0,1,0,0,0,0,11
sabbatical,1/1,101,0,1,0,0,0,0,6
saddle,6/6,101,0,6,0,0,0,0,8
safranin,1/1,101,0,1,0,0,0,0,8
safranine,1/1,101,0,1,0,0,0,0,7
sago,1/1,101,0,1,0,0,0,0,7
sahib,1/1,101,0,1,0,0,0,0,4
sail,20/35,58,0,11,9,0,0,0,6
saint,1/1,101,0,1,0,0,0,0,8
salad,16/22,73,0,10,5,1,0,0,7
salamander,22/68,33,0,16,6,0,0,0,6
salmon,12/25,49,0,10,2,0,0,0,6
sample,2/5,41,0,2,0,0,0,0,5
sampling,4/5,81,0,4,0,0,0,0,10
sandgrouse,3/7,43,0,3,0,0,0,0,9
sanicle,2/6,34,0,2,0,0,0,0,12
sapphire,1/1,101,0,1,0,0,0,0,6
sapsucker,2/4,51,0,2,0,0,0,0,14
sarcoma,18/26,70,0,12,6,0,0,0,10
sauce,59/111,54,0,48,9,2,0,0,8
saucepan,1/4,26,0,1,0,0,0,0,4
savory,2/6,34,0,2,0,0,0,0,10
savoury,2/4,51,0,2,0,0,0,0,7
sawfish,1/2,51,0,1,0,0,0,0,12
saxifrage,8/19,43,0,8,0,0,0,0,10
scabious,2/6,34,0,2,0,0,0,0,9
scale,18/23,79,0,9,9,0,0,0,9
scallopini,1/1,101,0,1,0,0,0,0,6
scare,1/1,101,0,1,0,0,0,0,5
scaup,3/6,51,0,3,0,0,0,0,9
schizophrenia,11/15,74,0,11,0,0,0,0,10
schnauzer,3/3,101,0,3,0,0,0,0,9
school,62/98,64,0,30,30,2,0,0,8
sclerosis,10/17,59,0,8,2,0,0,0,11
scone,1/3,34,0,1,0,0,0,0,7
scorpionfish,1/2,51,0,1,0,0,0,0,9
scoter,1/2,51,0,1,0,0,0,0,9
scotoma,6/6,101,0,6,0,0,0,0,11
screen,1/1,101,0,1,0,0,0,0,6
screwdriver,4/4,101,0,4,0,0,0,0,11
seam,2/5,41,0,2,0,0,0,0,4
season,16/22,73,0,15,1,0,0,0,7
sec,1/1,101,0,1,0,0,0,0,9
second,1/1,101,0,1,0,0,0,0,6
secret,2/3,67,0,2,0,0,0,0,6
seizure,4/16,26,0,2,1,1,0,0,7
semantics,4/6,67,0,4,0,0,0,0,6
senator,1/1,101,0,1,0,0,0,0,7
senna,6/23,27,0,6,0,0,0,0,10
sense,2/2,101,0,2,0,0,0,0,16
sentence,10/16,63,0,8,2,0,0,0,8
separatist,1/1,101,0,1,0,0,0,0,7
septum,1/1,101,0,1,0,0,0,0,7
sergeant,12/13,93,0,11,1,0,0,0,9
serratus,9/9,101,0,7,2,0,0,0,15
service,4/8,51,0,2,2,0,0,0,8
session,4/13,31,0,4,0,0,0,0,6
settlement,1/4,26,0,1,0,0,0,0,4
shale,2/2,101,0,2,0,0,0,0,6
shank,2/2,101,0,2,0,0,0,0,5
sharing,1/1,101,0,1,0,0,0,0,6
shark,37/95,39,0,13,20,4,0,0,10
sharp,1/1,101,0,1,0,0,0,0,8
shearing,1/1,101,0,1,0,0,0,0,6
shears,2/6,34,0,2,0,0,0,0,4
shearwater,1/2,51,0,1,0,0,0,0,7
shed,2/7,29,0,2,0,0,0,0,5
shell,4/7,58,0,4,0,0,0,0,7
sherd,1/1,101,0,1,0,0,0,0,4
ship,39/118,34,0,23,13,3,0,0,8
shipworm,1/3,34,0,1,0,0,0,0,8
shipyard,1/2,51,0,1,0,0,0,0,4
shirt,8/17,48,0,8,0,0,0,0,4
shop,32/97,33,0,29,3,0,0,0,7
shorts,2/4,51,0,2,0,0,0,0,6
shotgun,1/2,51,0,1,0,0,0,0,9
shrike,7/14,51,0,3,4,0,0,0,13
shunt,1/2,51,0,1,0,0,0,0,7
side,8/9,89,0,8,0,0,0,0,5
sienna,2/2,101,0,2,0,0,0,0,6
sill,2/4,51,0,2,0,0,0,0,5
silver,1/1,101,0,1,0,0,0,0,6
single,2/2,101,0,2,0,0,0,0,9
sinusitis,1/1,101,0,1,0,0,0,0,4
sis,5/5,101,0,5,0,0,0,0,9
sister,5/5,101,0,5,0,0,0,0,6
skate,7/9,78,0,3,4,0,0,0,6
skater,4/6,67,0,2,2,0,0,0,6
skating,4/6,67,0,3,1,0,0,0,7
ski,1/1,101,0,1,0,0,0,0,7
skiing,1/2,51,0,1,0,0,0,0,10
skin,4/14,29,0,4,0,0,0,0,4
skink,2/4,51,0,2,0,0,0,0,13
skua,2/2,101,0,2,0,0,0,0,9
sky,2/5,41,0,2,0,0,0,0,7
slag,1/1,101,0,1,0,0,0,0,7
slam,3/3,101,0,3,0,0,0,0,7
slaver,1/1,101,0,1,0,0,0,0,7
sleep,7/12,59,0,7,0,0,0,0,9
sleeve,5/5,101,0,5,0,0,0,0,7
sling,3/3,101,0,3,0,0,0,0,6
smelt,3/4,76,0,3,0,0,0,0,8
smoke,1/2,51,0,1,0,0,0,0,4
smoker,4/4,101,0,4,0,0,0,0,7
snail,3/7,43,0,2,1,0,0,0,8
snake,101/250,41,0,5,43,38,14,1,10
snapdragon,3/6,51,0,3,0,0,0,0,11
sneezeweed,2/7,29,0,2,0,0,0,0,5
snipe,7/16,44,0,6,1,0,0,0,10
snow,1/3,34,0,1,0,0,0,0,5
soap,13/14,93,0,13,0,0,0,0,8
socialism,2/3,67,0,2,0,0,0,0,5
sock,5/13,39,0,5,0,0,0,0,5
socket,2/5,41,0,2,0,0,0,0,6
soiree,2/2,101,0,2,0,0,0,0,9
solder,3/3,101,0,3,0,0,0,0,6
sole,4/4,101,0,4,0,0,0,0,4
solstice,2/4,51,0,2,0,0,0,0,4
sonata,1/4,26,0,1,0,0,0,0,5
sonnet,6/6,101,0,6,0,0,0,0,11
sonography,2/2,101,0,2,0,0,0,0,13
soprano,2/4,51,0,2,0,0,0,0,5
sorbent,5/7,72,0,4,1,0,0,0,6
sorption,4/7,58,0,2,2,0,0,0,5
souffle,1/1,101,0,1,0,0,0,0,8
sour,2/2,101,0,2,0,0,0,0,8
space,11/14,79,0,6,3,2,0,0,7
spadefoot,3/6,51,0,3,0,0,0,0,11
span,1/1,101,0,1,0,0,0,0,11
spaniel,12/16,76,0,8,4,0,0,0,9
spar,4/16,26,0,2,1,1,0,0,6
sparrow,3/5,61,0,3,0,0,0,0,8
spavin,3/3,101,0,3,0,0,0,0,6
spectrograph,1/1,101,0,1,0,0,0,0,7
spectroscopy,2/5,41,0,2,0,0,0,0,8
spectrum,17/17,101,0,16,1,0,0,0,9
speed,4/13,31,0,4,0,0,0,0,8
speedwell,6/14,43,0,6,0,0,0,0,8
spelling,1/1,101,0,1,0,0,0,0,4
spending,2/5,41,0,2,0,0,0,0,6
sphincter,15/16,94,0,14,1,0,0,0,13
spider,9/18,51,0,8,1,0,0,0,10
spinel,2/8,26,0,2,0,0,0,0,4
spittlebug,3/6,51,0,3,0,0,0,0,8
spleenwort,12/27,45,0,12,0,0,0,0,9
spondylitis,2/3,67,0,2,0,0,0,0,12
spoon,9/11,82,0,8,1,0,0,0,7
spoonbill,2/4,51,0,2,0,0,0,0,7
sporangium,6/6,101,0,6,0,0,0,0,5
spore,16/21,77,0,15,1,0,0,0,5
sporophyl,2/2,101,0,2,0,0,0,0,6
sporophyll,2/2,101,0,2,0,0,0,0,5
spree,1/1,101,0,1,0,0,0,0,10
squad,1/2,51,0,1,0,0,0,0,8
squall,1/1,101,0,1,0,0,0,0,6
squash,14/34,42,0,4,9,1,0,0,9
squirrel,29/65,45,0,6,23,0,0,0,8
stable,1/1,101,0,1,0,0,0,0,8
staff,8/10,81,0,8,0,0,0,0,8
stain,3/7,43,0,3,0,0,0,0,4
stalking,1/1,101,0,1,0,0,0,0,5
star,13/25,53,0,12,1,0,0,0,6
start,6/20,31,0,4,2,0,0,0,5
starter,2/3,67,0,2,0,0,0,0,5
startle,3/6,51,0,3,0,0,0,0,5
state,4/9,45,0,2,2,0,0,0,10
statesman,1/3,34,0,1,0,0,0,0,5
station,27/53,51,0,10,16,1,0,0,6
steak,16/25,65,0,2,14,0,0,0,6
steam,1/1,101,0,1,0,0,0,0,6
steel,34/37,92,0,15,17,2,0,0,10
stenosis,9/9,101,0,9,0,0,0,0,8
sterol,5/6,84,0,2,2,1,0,0,9
stickleback,2/4,51,0,2,0,0,0,0,12
stingray,1/3,34,0,1,0,0,0,0,9
stinkhorn,2/7,29,0,2,0,0,0,0,8
stitch,38/56,68,0,4,31,3,0,0,6
stock,19/29,66,0,15,4,0,0,0,10
stockholder,1/1,101,0,1,0,0,0,0,11
stocking,5/11,46,0,5,0,0,0,0,4
stomatitis,1/1,101,0,1,0,0,0,0,11
stool,7/12,59,0,7,0,0,0,0,5
storm,14/30,47,0,10,4,0,0,0,5
stove,5/11,46,0,5,0,0,0,0,6
strain,1/1,101,0,1,0,0,0,0,5
straits,2/2,101,0,2,0,0,0,0,8
strangler,1/4,26,0,1,0,0,0,0,4
strategist,1/1,101,0,1,0,0,0,0,8
stratus,2/2,101,0,2,0,0,0,0,8
streak,2/2,101,0,2,0,0,0,0,8
street,6/16,38,0,6,0,0,0,0,4
stress,2/6,34,0,2,0,0,0,0,7
strike,4/6,67,0,4,0,0,0,0,7
stringybark,2/3,67,0,2,0,0,0,0,11
strontium,1/1,101,0,1,0,0,0,0,4
studio,2/5,41,0,2,0,0,0,0,9
stuffing,2/5,41,0,2,0,0,0,0,4
sturgeon,4/8,51,0,4,0,0,0,0,7
styrene,1/2,51,0,1,0,0,0,0,4
sublimate,1/4,26,0,1,0,0,0,0,10
submarine,5/6,84,0,5,0,0,0,0,13
subornation,1/1,101,0,1,0,0,0,0,12
suffrage,1/1,101,0,1,0,0,0,0,11
sugar,15/17,89,0,10,2,3,0,0,7
suicide,2/8,26,0,1,1,0,0,0,5
suit,10/12,84,0,5,5,0,0,0,9
suksdorfia,1/2,51,0,1,0,0,0,0,9
sulcus,6/12,51,0,6,0,0,0,0,13
sulfa,7/12,59,0,7,0,0,0,0,7
sulfate,7/23,31,0,7,0,0,0,0,7
sulfide,5/7,72,0,4,1,0,0,0,7
sulfonate,1/1,101,0,1,0,0,0,0,13
sulfur,1/3,34,0,1,0,0,0,0,7
sulphate,6/23,27,0,6,0,0,0,0,6
sulphur,1/3,34,0,1,0,0,0,0,6
sunflower,8/19,43,0,8,0,0,0,0,9
supper,1/4,26,0,1,0,0,0,0,6
support,6/13,47,0,1,5,0,0,0,10
surge,1/3,34,0,1,0,0,0,0,6
surgeon,4/5,81,0,4,0,0,0,0,7
suspect,3/3,101,0,3,0,0,0,0,7
sutura,6/15,41,0,6,0,0,0,0,12
suture,9/15,61,0,9,0,0,0,0,12
swan,7/20,36,0,5,2,0,0,0,9
swell,2/2,101,0,2,0,0,0,0,7
switch,10/28,36,0,8,2,0,0,0,5
symmetry,2/6,34,0,2,0,0,0,0,7
synechia,2/2,101,0,2,0,0,0,0,10
synovitis,3/3,101,0,3,0,0,0,0,7
synthesis,3/4,76,0,3,0,0,0,0,4
syph,4/6,67,0,4,0,0,0,0,12
syphilis,4/6,67,0,4,0,0,0,0,8
syrup,4/9,45,0,4,0,0,0,0,6
system,60/169,36,0,23,25,4,5,3,9
systole,1/1,101,0,1,0,0,0,0,6
table,7/10,71,0,6,1,0,0,0,11
tach,1/1,101,0,1,0,0,0,0,7
taffy,1/1,101,0,1,0,0,0,0,10
tag,4/4,101,0,4,0,0,0,0,5
tale,5/10,51,0,5,0,0,0,0,6
talipes,3/3,101,0,3,0,0,0,0,9
tallow,2/3,67,0,2,0,0,0,0,5
tamarin,1/4,26,0,1,0,0,0,0,8
tamponade,1/1,101,0,1,0,0,0,0,9
tanager,4/11,37,0,4,0,0,0,0,8
tanker,1/1,101,0,1,0,0,0,0,6
tape,8/15,54,0,1,7,0,0,0,8
tapir,3/5,61,0,3,0,0,0,0,10
tar,1/1,101,0,1,0,0,0,0,6
tartrate,2/3,67,0,2,0,0,0,0,9
tarweed,1/4,26,0,1,0,0,0,0,5
taster,1/1,101,0,1,0,0,0,0,6
tax,32/64,51,0,14,12,6,0,0,8
taxis,3/3,101,0,1,2,0,0,0,12
tea,7/11,64,0,6,0,1,0,0,5
teacher,12/40,31,0,10,2,0,0,0,5
team,13/44,30,0,10,3,0,0,0,7
teasel,3/6,51,0,3,0,0,0,0,10
tech,2/3,67,0,2,0,0,0,0,13
technology,6/18,34,0,5,1,0,0,0,7
telegram,2/5,41,0,2,0,0,0,0,4
telephone,6/19,32,0,5,1,0,0,0,4
telescope,14/27,52,0,2,2,2,8,0,7
tendon,3/4,76,0,3,0,0,0,0,9
tennis,4/6,67,0,4,0,0,0,0,6
tenrec,1/2,51,0,1,0,0,0,0,10
tense,15/33,46,0,8,7,0,0,0,9
tent,19/34,56,0,15,4,0,0,0,6
teres,6/6,101,0,6,0,0,0,0,12
terminal,4/16,26,0,4,0,0,0,0,5
termite,2/8,26,0,1,1,0,0,0,16
tern,1/2,51,0,1,0,0,0,0,9
terrapin,1/2,51,0,1,0,0,0,0,12
terrier,40/57,71,0,25,13,2,0,0,9
terrorism,12/16,76,0,12,0,0,0,0,8
test,5/7,72,0,4,1,0,0,0,7
testicle,1/3,34,0,1,0,0,0,0,8
testis,1/3,34,0,1,0,0,0,0,10
tetrachloride,1/4,26,0,1,0,0,0,0,4
thalassaemia,1/4,26,0,1,0,0,0,0,5
thalassemia,1/4,26,0,1,0,0,0,0,6
thallus,1/1,101,0,1,0,0,0,0,10
theater,7/21,34,0,7,0,0,0,0,6
theist,1/1,101,0,1,0,0,0,0,5
theorem,1/1,101,0,1,0,0,0,0,10
theory,52/90,58,0,8,35,9,0,0,12
therapy,46/97,48,0,24,17,4,1,0,9
thermodynamics,1/2,51,0,1,0,0,0,0,8
thermography,1/1,101,0,1,0,0,0,0,6
thermometer,25/38,66,0,22,3,0,0,0,8
thiazide,4/9,45,0,4,0,0,0,0,4
thimbleweed,2/4,51,0,2,0,0,0,0,8
thistle,23/42,55,0,13,9,1,0,0,9
thorium,2/2,101,0,2,0,0,0,0,5
thrip,2/5,41,0,2,0,0,0,0,9
thrips,2/5,41,0,2,0,0,0,0,8
thrombocytopenia,1/1,101,0,1,0,0,0,0,11
thrombosis,4/8,51,0,4,0,0,0,0,5
throne,2/5,41,0,2,0,0,0,0,5
thyme,3/5,61,0,3,0,0,0,0,9
tibialis,4/4,101,0,4,0,0,0,0,10
tick,1/3,34,0,1,0,0,0,0,4
ticket,11/14,79,0,11,0,0,0,0,7
tide,11/17,65,0,8,3,0,0,0,6
tie,10/13,77,0,8,2,0,0,0,6
times,3/5,61,0,3,0,0,0,0,9
tinea,6/12,51,0,6,0,0,0,0,8
tip,2/3,67,0,2,0,0,0,0,4
tire,11/17,65,0,6,5,0,0,0,6
toadflax,2/3,67,0,2,0,0,0,0,9
toast,3/7,43,0,3,0,0,0,0,7
toe,4/5,81,0,4,0,0,0,0,6
toenail,1/2,51,0,1,0,0,0,0,4
toga,1/1,101,0,1,0,0,0,0,9
tomato,3/3,101,0,2,1,0,0,0,8
tomograph,2/4,51,0,2,0,0,0,0,15
tone,1/4,26,0,1,0,0,0,0,4
tongs,3/3,101,0,3,0,0,0,0,5
tooth,16/31,52,0,14,2,0,0,0,5
toothbrush,1/1,101,0,1,0,0,0,0,10
topmast,2/5,41,0,2,0,0,0,0,5
topsail,1/1,101,0,1,0,0,0,0,6
tortoise,5/10,51,0,5,0,0,0,0,7
tostada,1/1,101,0,1,0,0,0,0,6
tour,4/8,51,0,4,0,0,0,0,8
tourism,1/1,101,0,1,0,0,0,0,4
towel,11/11,101,0,9,2,0,0,0,6
tower,10/30,34,0,9,1,0,0,0,4
town,6/8,76,0,6,0,0,0,0,5
toxicity,1/1,101,0,1,0,0,0,0,5
toxin,26/43,61,0,12,10,3,1,0,7
tracery,1/1,101,0,1,0,0,0,0,5
trade,3/5,61,0,3,0,0,0,0,10
trading,4/7,58,0,4,0,0,0,0,8
traffic,11/11,101,0,6,5,0,0,0,8
train,10/15,67,0,7,3,0,0,0,7
trajectory,1/3,34,0,1,0,0,0,0,5
transaminase,2/2,101,0,2,0,0,0,0,21
transcription,1/2,51,0,1,0,0,0,0,6
transference,1/1,101,0,1,0,0,0,0,8
transformer,3/6,51,0,2,1,0,0,0,5
transfusion,1/1,101,0,1,0,0,0,0,10
transistor,2/3,67,0,2,0,0,0,0,5
transitive,2/2,101,0,2,0,0,0,0,15
tray,5/11,46,0,5,0,0,0,0,6
treaty,2/6,34,0,2,0,0,0,0,5
trench,4/6,67,0,4,0,0,0,0,6
trespass,5/5,101,0,5,0,0,0,0,16
triangle,11/15,74,0,11,0,0,0,0,7
triceps,2/2,101,0,2,0,0,0,0,13
trig,1/2,51,0,1,0,0,0,0,14
trigger,1/1,101,0,1,0,0,0,0,6
trigonometry,1/2,51,0,1,0,0,0,0,6
trillium,7/14,51,0,7,0,0,0,0,7
trimester,3/3,101,0,3,0,0,0,0,7
tripe,1/1,101,0,1,0,0,0,0,11
triple,2/2,101,0,2,0,0,0,0,9
tripletail,2/4,51,0,2,0,0,0,0,9
tripod,1/2,51,0,1,0,0,0,0,4
troop,1/1,101,0,1,0,0,0,0,8
tropism,8/8,101,0,8,0,0,0,0,6
trot,1/1,101,0,1,0,0,0,0,4
trout,3/3,101,0,3,0,0,0,0,7
trowel,5/6,84,0,5,0,0,0,0,7
truck,15/48,32,0,10,5,0,0,0,6
trust,24/24,101,0,21,3,0,0,0,10
truth,1/2,51,0,1,0,0,0,0,4
trypsin,1/1,101,0,1,0,0,0,0,5
tub,1/4,26,0,1,0,0,0,0,6
tuberosity,1/2,51,0,1,0,0,0,0,8
tubule,3/7,43,0,3,0,0,0,0,8
tulip,5/9,56,0,5,0,0,0,0,9
tunic,1/4,26,0,0,1,0,0,0,9
tunica,1/4,26,0,0,1,0,0,0,8
tunnel,1/4,26,0,1,0,0,0,0,4
turbine,7/7,101,0,6,1,0,0,0,8
turnstone,2/4,51,0,2,0,0,0,0,9
turpentine,1/1,101,0,1,0,0,0,0,7
twin,7/7,101,0,5,2,0,0,0,11
twinflower,1/2,51,0,1,0,0,0,0,13
twister,1/2,51,0,1,0,0,0,0,5
tycoon,1/1,101,0,1,0,0,0,0,5
typhus,4/4,101,0,4,0,0,0,0,7
typist,1/1,101,0,1,0,0,0,0,7
ulcer,6/13,47,0,4,2,0,0,0,7
ultramarine,2/3,67,0,2,0,0,0,0,7
ultrasonography,2/2,101,0,2,0,0,0,0,8
umber,2/2,101,0,2,0,0,0,0,6
uncle,2/2,101,0,2,0,0,0,0,6
underwing,1/2,51,0,1,0,0,0,0,5
uniform,4/13,31,0,1,3,0,0,0,5
union,4/10,41,0,4,0,0,0,0,11
universe,1/3,34,0,1,0,0,0,0,4
uranium,2/2,101,0,2,0,0,0,0,5
urethritis,2/4,51,0,2,0,0,0,0,4
vaccine,8/13,62,0,4,4,0,0,0,8
vaccinia,2/2,101,0,2,0,0,0,0,12
valerian,1/3,34,0,1,0,0,0,0,10
value,4/8,51,0,4,0,0,0,0,12
valve,13/15,87,0,4,2,7,0,0,10
vanilla,1/2,51,0,1,0,0,0,0,10
vantage,1/2,51,0,1,0,0,0,0,5
vaulting,1/1,101,0,1,0,0,0,0,5
vector,4/6,67,0,4,0,0,0,0,7
vein,191/353,55,0,141,48,2,0,0,14
velocity,7/13,54,0,7,0,0,0,0,5
vena,155/353,44,0,124,31,0,0,0,14
venom,2/2,101,0,2,0,0,0,0,7
ventricle,3/3,101,0,3,0,0,0,0,8
venule,1/3,34,0,1,0,0,0,0,11
verb,10/21,48,0,6,4,0,0,0,12
verdict,7/7,101,0,6,1,0,0,0,9
vermouth,4/4,101,0,4,0,0,0,0,7
vertebra,9/12,76,0,7,2,0,0,0,6
vest,1/1,101,0,1,0,0,0,0,13
vetch,5/14,36,0,4,1,0,0,0,6
veto,1/1,101,0,1,0,0,0,0,8
villus,1/1,101,0,1,0,0,0,0,11
vinegar,3/3,101,0,3,0,0,0,0,6
viol,4/5,81,0,4,0,0,0,0,8
violet,23/37,63,0,23,0,0,0,0,9
vireo,3/6,51,0,3,0,0,0,0,13
virus,64/99,65,0,6,23,26,9,0,8
vise,5/5,101,0,5,0,0,0,0,11
vision,2/2,101,0,2,0,0,0,0,5
visit,3/4,76,0,3,0,0,0,0,4
vitamin,24/75,33,0,2,10,12,0,0,4
vole,7/18,39,0,7,0,0,0,0,10
voltmeter,3/3,101,0,2,1,0,0,0,9
voter,3/6,51,0,3,0,0,0,0,7
vowel,3/10,31,0,2,1,0,0,0,4
vulture,9/31,30,0,2,7,0,0,0,8
waffle,1/1,101,0,1,0,0,0,0,9
wagon,10/38,27,0,10,0,0,0,0,4
waist,1/1,101,0,1,0,0,0,0,6
wall,6/17,36,0,6,0,0,0,0,6
wallaby,5/12,42,0,5,0,0,0,0,7
walnut,2/2,101,0,2,0,0,0,0,8
walrus,2/4,51,0,2,0,0,0,0,11
war,11/20,56,0,9,2,0,0,0,10
warfare,6/20,31,0,4,2,0,0,0,6
warhead,3/4,76,0,3,0,0,0,0,7
warning,5/15,34,0,3,2,0,0,0,4
warrant,4/11,37,0,4,0,0,0,0,4
wash,4/5,81,0,4,0,0,0,0,6
washer,3/7,43,0,3,0,0,0,0,5
watch,7/9,78,0,7,0,0,0,0,7
water,21/27,78,0,20,1,0,0,0,6
watercress,4/12,34,0,4,0,0,0,0,9
wax,18/26,70,0,17,1,0,0,0,7
waxwing,2/5,41,0,2,0,0,0,0,9
weave,5/12,42,0,5,0,0,0,0,8
web,7/8,88,0,3,4,0,0,0,6
webworm,2/4,51,0,2,0,0,0,0,9
week,2/8,26,0,2,0,0,0,0,5
weevil,7/17,42,0,4,3,0,0,0,8
weight,6/18,34,0,5,1,0,0,0,5
welder,2/2,101,0,2,0,0,0,0,6
welding,6/6,101,0,4,2,0,0,0,7
well,7/13,54,0,5,2,0,0,0,5
wester,2/2,101,0,2,0,0,0,0,8
wether,1/1,101,0,1,0,0,0,0,5
wheat,7/19,37,0,7,0,0,0,0,9
wheatgrass,6/24,26,0,6,0,0,0,0,7
wheel,36/60,61,0,27,8,1,0,0,6
wheelchair,1/2,51,0,1,0,0,0,0,6
whipping,1/2,51,0,1,0,0,0,0,8
whipsnake,2/8,26,0,2,0,0,0,0,9
whiptail,4/12,34,0,4,0,0,0,0,12
whiskey,8/26,31,0,8,0,0,0,0,4
whisky,7/26,27,0,7,0,0,0,0,5
whisper,1/1,101,0,1,0,0,0,0,7
whist,1/3,34,0,1,0,0,0,0,5
whitefly,3/9,34,0,3,0,0,0,0,9
widgeon,1/3,34,0,1,0,0,0,0,6
widow,1/2,51,0,1,0,0,0,0,4
wig,2/4,51,0,2,0,0,0,0,6
willow,45/84,54,0,36,9,0,0,0,8
willowherb,3/8,38,0,3,0,0,0,0,6
wilt,2/3,67,0,2,0,0,0,0,10
window,21/37,57,0,20,1,0,0,0,6
windward,2/4,51,0,2,0,0,0,0,5
wing,4/11,37,0,4,0,0,0,0,4
wire,6/7,86,0,6,0,0,0,0,6
wistaria,3/9,34,0,3,0,0,0,0,10
wolf,11/18,62,0,11,0,0,0,0,7
wolfhound,2/3,67,0,2,0,0,0,0,4
wood,68/206,34,0,60,5,3,0,0,7
woodcock,3/5,61,0,3,0,0,0,0,9
woodsia,6/10,61,0,6,0,0,0,0,8
worm,36/86,42,0,12,14,10,0,0,8
worship,19/75,26,0,10,9,0,0,0,4
worshiper,1/2,51,0,1,0,0,0,0,6
worth,2/4,51,0,2,0,0,0,0,6
wreath,2/5,41,0,2,0,0,0,0,4
wrecker,1/3,34,0,1,0,0,0,0,4
xanthate,1/2,51,0,1,0,0,0,0,5
xanthoma,3/7,43,0,3,0,0,0,0,10
xeroderma,1/1,101,0,1,0,0,0,0,13
year,13/22,60,0,13,0,0,0,0,7
yeast,4/5,81,0,2,2,0,0,0,10
yellowlegs,2/4,51,0,2,0,0,0,0,8
yellowthroat,2/3,67,0,2,0,0,0,0,8
yogurt,2/2,101,0,2,0,0,0,0,9
zebra,5/7,72,0,5,0,0,0,0,10
zinnia,2/4,51,0,2,0,0,0,0,11
zona,1/3,34,0,1,0,0,0,0,5
zygote,2/2,101,0,2,0,0,0,0,6
