distribution,8/15,54,0,8,0,0,0,0,6
commissioner,4/4,100,0,4,0,0,0,0,7
legislation,1/3,34,0,1,0,0,0,0,15
corporation,6/23,27,0,6,0,0,0,0,7
electricity,7/10,70,0,7,0,0,0,0,6
government,9/36,26,0,6,3,0,0,0,4
department,51/135,38,0,6,40,5,0,0,8
technology,6/18,34,0,5,1,0,0,0,7
department,51/135,38,0,6,40,5,0,0,8
settlement,1/4,26,0,1,0,0,0,0,4
technology,6/18,34,0,5,1,0,0,0,7
navigation,2/4,50,0,2,0,0,0,0,7
litigation,1/2,50,0,1,0,0,0,0,8
publishing,2/6,34,0,2,0,0,0,0,4
resolution,1/1,100,0,1,0,0,0,0,6
resolution,1/1,100,0,1,0,0,0,0,6
government,9/36,26,0,6,3,0,0,0,4
strategist,1/1,100,0,1,0,0,0,0,8
indictment,1/3,34,0,1,0,0,0,0,4
conspiracy,1/1,100,0,1,0,0,0,0,12
experiment,2/4,50,0,2,0,0,0,0,7
definition,7/7,100,0,7,0,0,0,0,10
psychology,16/31,52,0,14,2,0,0,0,7
revolution,1/3,34,0,1,0,0,0,0,14
insurance,22/28,79,0,14,8,0,0,0,9
inflation,2/4,50,0,2,0,0,0,0,7
brokerage,1/3,34,0,1,0,0,0,0,5
arbitrage,2/2,100,0,2,0,0,0,0,7
telephone,6/19,32,0,5,1,0,0,0,4
economist,2/8,26,0,2,0,0,0,0,6
interview,3/3,100,0,3,0,0,0,0,9
insurance,22/28,79,0,14,8,0,0,0,9
professor,5/5,100,0,5,0,0,0,0,9
telephone,6/19,32,0,5,1,0,0,0,4
pollution,9/15,60,0,7,2,0,0,0,6
inventory,1/1,100,0,1,0,0,0,0,7
economics,3/5,60,0,3,0,0,0,0,5
terrorism,12/16,76,0,12,0,0,0,0,8
industry,32/57,57,0,32,0,0,0,0,6
exchange,1/1,100,0,1,0,0,0,0,14
chairman,1/2,50,0,1,0,0,0,0,4
contract,21/46,46,0,20,1,0,0,0,8
computer,16/55,30,0,4,4,3,5,0,5
exchange,1/1,100,0,1,0,0,0,0,14
research,10/37,28,0,5,3,1,1,0,10
spending,2/5,40,0,2,0,0,0,0,6
chairman,1/2,50,0,1,0,0,0,0,4
dividend,3/4,76,0,3,0,0,0,0,6
pressure,23/29,80,0,11,8,4,0,0,8
campaign,2/4,50,0,2,0,0,0,0,8
mortgage,3/3,100,0,3,0,0,0,0,8
abortion,8/14,58,0,2,6,0,0,0,8
research,10/37,28,0,5,3,1,1,0,10
computer,16/55,30,0,4,4,3,5,0,5
election,5/10,50,0,5,0,0,0,0,4
reaction,15/52,29,0,13,2,0,0,0,7
operator,2/4,50,0,2,0,0,0,0,6
mortgage,3/3,100,0,3,0,0,0,0,8
forecast,2/3,67,0,2,0,0,0,0,9
exposure,1/4,26,0,1,0,0,0,0,4
gasoline,2/5,40,0,2,0,0,0,0,6
analysis,17/49,35,0,7,6,4,0,0,8
football,6/9,67,0,5,1,0,0,0,6
industry,32/57,57,0,32,0,0,0,0,6
mortgage,3/3,100,0,3,0,0,0,0,8
refinery,3/3,100,0,3,0,0,0,0,7
industry,32/57,57,0,32,0,0,0,0,6
reporter,2/8,26,0,2,0,0,0,0,5
sentence,10/16,63,0,8,2,0,0,0,8
handling,1/3,34,0,1,0,0,0,0,4
company,41/83,50,0,28,4,9,0,0,7
trading,4/7,58,0,4,0,0,0,0,8
economy,8/29,28,0,4,2,2,0,0,7
analyst,2/3,67,0,2,0,0,0,0,7
problem,2/2,100,0,2,0,0,0,0,13
service,4/8,50,0,2,2,0,0,0,8
manager,3/3,100,0,3,0,0,0,0,6
support,6/13,47,0,1,5,0,0,0,10
defense,10/23,44,0,8,2,0,0,0,7
network,3/10,30,0,2,1,0,0,0,7
deficit,1/1,100,0,1,0,0,0,0,7
session,4/13,31,0,4,0,0,0,0,6
service,4/8,50,0,2,2,0,0,0,8
express,1/1,100,0,1,0,0,0,0,5
pension,2/6,34,0,2,0,0,0,0,9
balance,2/3,67,0,2,0,0,0,0,7
traffic,11/11,100,0,6,5,0,0,0,8
damages,8/13,62,0,6,2,0,0,0,7
century,1/2,50,0,1,0,0,0,0,8
station,27/53,51,0,10,16,1,0,0,6
hearing,3/4,76,0,3,0,0,0,0,9
defense,10/23,44,0,8,2,0,0,0,7
benefit,7/21,34,0,6,1,0,0,0,5
circuit,26/66,40,0,10,9,7,0,0,5
expense,11/28,40,0,9,2,0,0,0,8
culture,11/24,46,0,8,3,0,0,0,12
edition,2/3,67,0,2,0,0,0,0,7
trading,4/7,58,0,4,0,0,0,0,8
charity,1/3,34,0,1,0,0,0,0,12
senator,1/1,100,0,1,0,0,0,0,7
license,10/27,38,0,9,1,0,0,0,9
theater,7/21,34,0,7,0,0,0,0,6
warning,5/15,34,0,3,2,0,0,0,4
missile,9/25,36,0,6,3,0,0,0,6
brother,5/5,100,0,5,0,0,0,0,5
consent,1/1,100,0,1,0,0,0,0,9
warrant,4/11,37,0,4,0,0,0,0,4
circuit,26/66,40,0,10,9,7,0,0,5
trading,4/7,58,0,4,0,0,0,0,8
company,41/83,50,0,28,4,9,0,0,7
network,3/10,30,0,2,1,0,0,0,7
charter,2/2,100,0,2,0,0,0,0,6
carbide,2/2,100,0,2,0,0,0,0,9
cabinet,2/5,40,0,2,0,0,0,0,6
market,9/13,70,0,9,0,0,0,0,6
dollar,24/25,96,0,23,1,0,0,0,10
street,6/16,38,0,6,0,0,0,0,4
system,60/169,36,0,23,25,4,5,3,9
office,10/17,59,0,9,1,0,0,0,6
monday,1/2,50,0,1,0,0,0,0,6
estate,4/7,58,0,4,0,0,0,0,5
charge,1/1,100,0,1,0,0,0,0,8
budget,1/2,50,0,1,0,0,0,0,8
family,4/7,58,0,4,0,0,0,0,8
return,5/6,84,0,5,0,0,0,0,12
course,7/23,31,0,7,0,0,0,0,8
buying,2/6,34,0,2,0,0,0,0,6
center,7/26,27,0,5,2,0,0,0,6
school,62/98,64,0,30,30,2,0,0,8
letter,17/33,52,0,14,3,0,0,0,5
strike,4/6,67,0,4,0,0,0,0,7
option,10/13,77,0,8,2,0,0,0,6
season,16/22,73,0,15,1,0,0,0,7
office,10/17,59,0,9,1,0,0,0,6
editor,9/21,43,0,6,3,0,0,0,5
center,7/26,27,0,5,2,0,0,0,6
market,9/13,70,0,9,0,0,0,0,6
moment,3/12,26,0,3,0,0,0,0,5
copper,1/1,100,0,1,0,0,0,0,8
reform,1/4,26,0,1,0,0,0,0,6
studio,2/5,40,0,2,0,0,0,0,9
system,60/169,36,0,23,25,4,5,3,9
school,62/98,64,0,30,30,2,0,0,8
factor,3/10,30,0,2,1,0,0,0,8
budget,1/2,50,0,1,0,0,0,0,8
branch,3/6,50,0,3,0,0,0,0,13
theory,52/90,58,0,8,35,9,0,0,12
coffee,12/25,48,0,12,0,0,0,0,6
basket,6/15,40,0,4,2,0,0,0,4
memory,2/6,34,0,2,0,0,0,0,6
mining,3/3,100,0,3,0,0,0,0,8
bridge,17/26,66,0,16,1,0,0,0,6
street,6/16,38,0,6,0,0,0,0,4
estate,4/7,58,0,4,0,0,0,0,5
bridge,17/26,66,0,16,1,0,0,0,6
making,4/5,80,0,4,0,0,0,0,5
silver,1/1,100,0,1,0,0,0,0,6
garden,13/28,47,0,12,1,0,0,0,5
engine,31/72,44,0,7,4,17,3,0,8
market,9/13,70,0,9,0,0,0,0,6
orange,8/8,100,0,5,3,0,0,0,7
ticket,11/14,79,0,11,0,0,0,0,7
screen,1/1,100,0,1,0,0,0,0,6
treaty,2/6,34,0,2,0,0,0,0,5
weight,6/18,34,0,5,1,0,0,0,5
island,2/4,50,0,2,0,0,0,0,10
league,10/15,67,0,9,1,0,0,0,6
master,1/1,100,0,1,0,0,0,0,4
museum,1/1,100,0,1,0,0,0,0,8
resort,2/3,67,0,2,0,0,0,0,6
league,10/15,67,0,9,1,0,0,0,6
comedy,8/14,58,0,8,0,0,0,0,5
window,21/37,57,0,20,1,0,0,0,6
cotton,3/3,100,0,3,0,0,0,0,12
stress,2/6,34,0,2,0,0,0,0,7
colony,1/4,26,0,1,0,0,0,0,8
lesson,10/10,100,0,5,5,0,0,0,7
second,1/1,100,0,1,0,0,0,0,6
anchor,5/6,84,0,5,0,0,0,0,7
stock,19/29,66,0,15,4,0,0,0,10
rates,1/1,100,0,1,0,0,0,0,5
state,4/9,45,0,2,2,0,0,0,9
issue,5/6,84,0,5,0,0,0,0,10
house,33/85,39,0,26,5,1,1,0,5
stock,19/29,66,0,15,4,0,0,0,10
trade,3/5,60,0,3,0,0,0,0,9
court,36/51,71,0,30,4,2,0,0,11
value,4/8,50,0,4,0,0,0,0,12
board,15/23,66,0,12,3,0,0,0,10
board,15/23,66,0,12,3,0,0,0,10
maker,28/92,31,0,22,4,2,0,0,5
order,1/4,26,0,1,0,0,0,0,4
paper,59/210,29,0,40,18,1,0,0,5
times,3/5,60,0,3,0,0,0,0,9
union,4/10,40,0,4,0,0,0,0,11
union,4/10,40,0,4,0,0,0,0,11
steel,34/37,92,0,15,17,2,0,0,10
court,36/51,71,0,30,4,2,0,0,11
right,35/109,33,0,10,18,7,0,0,10
trust,24/24,100,0,21,3,0,0,0,10
state,4/9,45,0,2,2,0,0,0,9
floor,3/7,43,0,3,0,0,0,0,5
house,33/85,39,0,26,5,1,1,0,5
staff,8/10,80,0,8,0,0,0,0,8
night,2/2,100,0,2,0,0,0,0,7
labor,3/4,76,0,3,0,0,0,0,9
trust,24/24,100,0,21,3,0,0,0,10
space,11/14,79,0,6,3,2,0,0,7
chain,1/2,50,0,1,0,0,0,0,4
rally,1/3,34,0,1,0,0,0,0,6
sense,2/2,100,0,2,0,0,0,0,16
water,21/27,78,0,20,1,0,0,0,6
phone,15/19,79,0,11,4,0,0,0,8
trade,3/5,60,0,3,0,0,0,0,9
field,7/22,32,0,3,4,0,0,0,4
image,6/14,43,0,5,1,0,0,0,8
times,3/5,60,0,3,0,0,0,0,9
steel,34/37,92,0,15,17,2,0,0,10
brown,9/37,25,0,7,2,0,0,0,4
fraud,12/37,33,0,11,1,0,0,0,6
black,4/6,67,0,4,0,0,0,0,4
buyer,1/3,34,0,1,0,0,0,0,6
prime,1/1,100,0,1,0,0,0,0,7
truck,15/48,32,0,10,5,0,0,0,6
start,6/20,30,0,4,2,0,0,0,5
labor,3/4,76,0,3,0,0,0,0,9
surge,1/3,34,0,1,0,0,0,0,5
sugar,15/17,89,0,10,2,3,0,0,7
speed,4/13,31,0,4,0,0,0,0,8
boost,1/2,50,0,1,0,0,0,0,10
worth,2/4,50,0,2,0,0,0,0,6
table,7/10,70,0,6,1,0,0,0,11
blood,14/32,44,0,11,3,0,0,0,5
pilot,7/15,47,0,6,1,0,0,0,5
plane,19/55,35,0,12,7,0,0,0,8
glass,21/31,68,0,16,5,0,0,0,7
mayor,2/4,50,0,2,0,0,0,0,4
paper,59/210,29,0,40,18,1,0,0,5
green,14/19,74,0,14,0,0,0,0,5
rally,1/3,34,0,1,0,0,0,0,6
scale,18/23,79,0,9,9,0,0,0,9
eagle,14/25,56,0,7,7,0,0,0,9
wheat,7/19,37,0,7,0,0,0,0,9
novel,5/11,46,0,5,0,0,0,0,7
shell,4/7,58,0,4,0,0,0,0,7
mayor,2/4,50,0,2,0,0,0,0,4
entry,3/5,60,0,3,0,0,0,0,9
brief,1/1,100,0,1,0,0,0,0,15
glass,21/31,68,0,16,5,0,0,0,7
lunch,1/1,100,0,1,0,0,0,0,9
stock,19/29,66,0,15,4,0,0,0,10
audit,2/2,100,0,2,0,0,0,0,9
storm,14/30,47,0,10,4,0,0,0,5
field,7/22,32,0,3,4,0,0,0,4
check,10/21,48,0,10,0,0,0,0,8
tower,10/30,34,0,9,1,0,0,0,4
horse,42/134,32,0,13,19,10,0,0,5
bench,3/10,30,0,3,0,0,0,0,4
paper,59/210,29,0,40,18,1,0,0,5
rates,1/1,100,0,1,0,0,0,0,5
value,4/8,50,0,4,0,0,0,0,12
dream,1/2,50,0,1,0,0,0,0,5
tower,10/30,34,0,9,1,0,0,0,4
year,13/22,60,0,13,0,0,0,0,6
week,2/8,26,0,2,0,0,0,0,5
bank,1/3,34,0,1,0,0,0,0,6
bank,1/3,34,0,1,0,0,0,0,6
bill,5/5,100,0,5,0,0,0,0,10
bond,10/13,77,0,7,3,0,0,0,10
wall,6/17,36,0,6,0,0,0,0,6
fund,9/20,46,0,7,2,0,0,0,8
home,2/2,100,0,2,0,0,0,0,13
line,4/15,27,0,4,0,0,0,0,6
drop,2/2,100,0,2,0,0,0,0,4
deal,1/2,50,0,1,0,0,0,0,6
loan,20/25,80,0,14,6,0,0,0,10
corp,6/23,27,0,6,0,0,0,0,14
suit,10/12,84,0,5,5,0,0,0,9
team,13/44,30,0,10,3,0,0,0,7
data,3/3,100,0,3,0,0,0,0,7
name,35/115,31,0,27,8,0,0,0,6
side,8/9,89,0,8,0,0,0,0,5
base,5/6,84,0,5,0,0,0,0,6
test,5/7,72,0,4,1,0,0,0,7
hour,3/3,100,0,3,0,0,0,0,7
fund,9/20,46,0,7,2,0,0,0,8
room,105/331,32,0,61,35,9,0,0,6
date,2/5,40,0,2,0,0,0,0,6
book,38/139,28,0,17,11,7,3,0,8
land,1/3,34,0,1,0,0,0,0,7
veto,1/1,100,0,1,0,0,0,0,8
jury,6/6,100,0,6,0,0,0,0,8
home,2/2,100,0,2,0,0,0,0,13
data,3/3,100,0,3,0,0,0,0,7
post,3/7,43,0,2,1,0,0,0,10
bell,12/15,80,0,11,1,0,0,0,7
bond,10/13,77,0,7,3,0,0,0,10
card,14/57,25,0,6,8,0,0,0,4
park,2/2,100,0,2,0,0,0,0,8
loan,20/25,80,0,14,6,0,0,0,10
fire,12/17,71,0,8,4,0,0,0,6
town,6/8,76,0,6,0,0,0,0,5
bear,14/34,42,0,9,5,0,0,0,10
mail,11/35,32,0,9,1,0,1,0,8
call,11/12,92,0,9,2,0,0,0,8
corn,12/19,64,0,6,6,0,0,0,9
bill,5/5,100,0,5,0,0,0,0,10
gene,25/39,65,0,23,2,0,0,0,9
coup,1/1,100,0,1,0,0,0,0,8
mind,2/7,29,0,2,0,0,0,0,7
disk,1/4,26,0,1,0,0,0,0,8
fine,1/1,100,0,1,0,0,0,0,8
door,18/23,79,0,13,5,0,0,0,7
race,3/8,38,0,1,2,0,0,0,9
heat,12/13,93,0,6,6,0,0,0,14
beer,9/29,32,0,3,6,0,0,0,5
tape,8/15,54,0,1,7,0,0,0,8
coal,9/12,76,0,7,2,0,0,0,6
star,13/25,52,0,12,1,0,0,0,6
wolf,11/18,62,0,11,0,0,0,0,7
bull,1/1,100,0,1,0,0,0,0,4
mine,9/10,90,0,9,0,0,0,0,6
jump,1/2,50,0,1,0,0,0,0,8
host,1/1,100,0,1,0,0,0,0,4
data,3/3,100,0,3,0,0,0,0,7
play,6/8,76,0,6,0,0,0,0,9
bond,10/13,77,0,7,3,0,0,0,10
body,17/31,55,0,4,4,9,0,0,6
tone,1/4,26,0,1,0,0,0,0,4
page,5/20,26,0,5,0,0,0,0,6
shop,32/97,33,0,29,3,0,0,0,7
farm,11/23,48,0,11,0,0,0,0,5
pill,2/3,67,0,1,1,0,0,0,10
pool,3/11,28,0,2,1,0,0,0,5
bloc,1/3,34,0,1,0,0,0,0,12
poll,2/3,67,0,2,0,0,0,0,6
post,3/7,43,0,2,1,0,0,0,10
code,8/18,45,0,6,2,0,0,0,7
bike,4/6,67,0,4,0,0,0,0,5
flag,9/37,25,0,9,0,0,0,0,6
blue,11/20,56,0,11,0,0,0,0,6
mill,10/31,33,0,7,3,0,0,0,7
park,2/2,100,0,2,0,0,0,0,8
load,5/8,63,0,5,0,0,0,0,5
mass,12/22,55,0,12,0,0,0,0,9
wire,6/7,86,0,6,0,0,0,0,6
foot,2/3,67,0,2,0,0,0,0,6
wall,6/17,36,0,6,0,0,0,0,6
line,4/15,27,0,4,0,0,0,0,6
milk,24/24,100,0,23,1,0,0,0,9
ship,39/118,34,0,23,13,3,0,0,8
gray,10/23,44,0,10,0,0,0,0,7
star,13/25,52,0,12,1,0,0,0,6
path,2/8,26,0,2,0,0,0,0,6
hold,8/27,30,0,3,5,0,0,0,6
rose,14/31,46,0,14,0,0,0,0,8
tax,32/64,50,0,14,12,6,0,0,8
day,5/16,32,0,3,2,0,0,0,6
law,28/38,74,0,21,6,1,0,0,10
oil,86/116,75,0,48,35,3,0,0,8
out,4/10,40,0,2,2,0,0,0,7
car,21/76,28,0,19,2,0,0,0,6
air,2/6,34,0,2,0,0,0,0,6
men,2/4,50,0,2,0,0,0,0,9
sec,1/1,100,0,1,0,0,0,0,9
war,11/20,56,0,9,2,0,0,0,10
air,2/6,34,0,2,0,0,0,0,6
pay,8/12,67,0,8,0,0,0,0,7
eye,3/11,28,0,3,0,0,0,0,6
oil,86/116,75,0,48,35,3,0,0,8
red,12/27,45,0,9,3,0,0,0,6
run,3/4,76,0,3,0,0,0,0,7
war,11/20,56,0,9,2,0,0,0,10
key,5/7,72,0,4,1,0,0,0,7
fee,10/38,27,0,10,0,0,0,0,8
fox,12/20,60,0,9,3,0,0,0,8
tax,32/64,50,0,14,12,6,0,0,8
day,5/16,32,0,3,2,0,0,0,6
jet,7/8,88,0,7,0,0,0,0,5
mix,4/6,67,0,1,3,0,0,0,10
law,28/38,74,0,21,6,1,0,0,10
pit,6/9,67,0,6,0,0,0,0,6
cap,24/55,44,0,24,0,0,0,0,6
bus,3/5,60,0,3,0,0,0,0,9
pan,12/17,71,0,8,4,0,0,0,7
ad,8/27,30,0,5,2,1,0,0,8
s,1/1,100,0,1,0,0,0,0,11
s,1/1,100,0,1,0,0,0,0,11
b,5/7,72,0,5,0,0,0,0,15
