corporations,6/23,27,6,0,0,0,0,0,7
distribution,8/15,54,8,0,0,0,0,0,6
certificates,4/14,29,4,0,0,0,0,0,4
stockholders,1/1,100,1,0,0,0,0,0,11
technologies,6/18,34,5,1,0,0,0,0,7
commissioner,4/4,100,4,0,0,0,0,0,7
legislation,1/3,34,1,0,0,0,0,0,15
inventories,1/1,100,1,0,0,0,0,0,7
governments,9/36,26,6,3,0,0,0,0,4
corporation,6/23,27,6,0,0,0,0,0,7
experiments,2/4,50,2,0,0,0,0,0,7
departments,51/135,38,6,40,5,0,0,0,8
electricity,7/10,70,7,0,0,0,0,0,6
government,9/36,26,6,3,0,0,0,0,4
department,51/135,38,6,40,5,0,0,0,8
technology,6/18,34,5,1,0,0,0,0,7
department,51/135,38,6,40,5,0,0,0,8
settlement,1/4,26,1,0,0,0,0,0,4
economists,2/8,26,2,0,0,0,0,0,6
industries,32/57,57,32,0,0,0,0,0,6
industries,32/57,57,32,0,0,0,0,0,6
industries,32/57,57,32,0,0,0,0,0,6
technology,6/18,34,5,1,0,0,0,0,7
navigation,2/4,50,2,0,0,0,0,0,7
litigation,1/2,50,1,0,0,0,0,0,8
publishing,2/6,34,2,0,0,0,0,0,4
resolution,1/1,100,1,0,0,0,0,0,6
resolution,1/1,100,1,0,0,0,0,0,6
government,9/36,26,6,3,0,0,0,0,4
strategist,1/1,100,1,0,0,0,0,0,8
indictment,1/3,34,1,0,0,0,0,0,4
experiment,2/4,50,2,0,0,0,0,0,7
conspiracy,1/1,100,1,0,0,0,0,0,12
economists,2/8,26,2,0,0,0,0,0,6
psychology,16/31,52,14,2,0,0,0,0,7
definition,7/7,100,7,0,0,0,0,0,10
revolution,1/3,34,1,0,0,0,0,0,14
companies,41/83,50,28,4,9,0,0,0,7
insurance,22/28,79,14,8,0,0,0,0,9
contracts,21/46,46,20,1,0,0,0,0,8
inflation,2/4,50,2,0,0,0,0,0,7
computers,16/55,30,4,4,3,5,0,0,5
brokerage,1/3,34,1,0,0,0,0,0,5
arbitrage,2/2,100,2,0,0,0,0,0,7
telephone,6/19,32,5,1,0,0,0,0,4
economist,2/8,26,2,0,0,0,0,0,6
interview,3/3,100,3,0,0,0,0,0,9
exchanges,1/1,100,1,0,0,0,0,0,14
insurance,22/28,79,14,8,0,0,0,0,9
dividends,3/4,76,3,0,0,0,0,0,6
mortgages,3/3,100,3,0,0,0,0,0,8
elections,5/10,50,5,0,0,0,0,0,4
reporters,2/8,26,2,0,0,0,0,0,5
professor,5/5,100,5,0,0,0,0,0,9
telephone,6/19,32,5,1,0,0,0,0,4
forecasts,2/3,67,2,0,0,0,0,0,9
pressures,23/29,80,11,8,4,0,0,0,8
operators,2/4,50,2,0,0,0,0,0,6
abortions,8/14,58,2,6,0,0,0,0,8
companies,41/83,50,28,4,9,0,0,0,7
engineers,15/32,47,14,1,0,0,0,0,5
pollution,9/15,60,7,2,0,0,0,0,6
inventory,1/1,100,1,0,0,0,0,0,7
economies,8/29,28,4,2,2,0,0,0,7
economics,3/5,60,3,0,0,0,0,0,5
charities,1/3,34,1,0,0,0,0,0,12
terrorism,12/16,76,12,0,0,0,0,0,8
campaigns,2/4,50,2,0,0,0,0,0,8
industry,32/57,57,32,0,0,0,0,0,6
exchange,1/1,100,1,0,0,0,0,0,14
chairman,1/2,50,1,0,0,0,0,0,4
analysts,2/3,67,2,0,0,0,0,0,7
contract,21/46,46,20,1,0,0,0,0,8
computer,16/55,30,4,4,3,5,0,0,5
problems,2/2,100,2,0,0,0,0,0,13
exchange,1/1,100,1,0,0,0,0,0,14
research,10/37,28,5,3,1,1,0,0,10
managers,3/3,100,3,0,0,0,0,0,6
spending,2/5,40,2,0,0,0,0,0,6
chairman,1/2,50,1,0,0,0,0,0,4
dividend,3/4,76,3,0,0,0,0,0,6
pressure,23/29,80,11,8,4,0,0,0,8
campaign,2/4,50,2,0,0,0,0,0,8
mortgage,3/3,100,3,0,0,0,0,0,8
analysts,2/3,67,2,0,0,0,0,0,7
abortion,8/14,58,2,6,0,0,0,0,8
benefits,7/21,34,6,1,0,0,0,0,5
expenses,11/28,40,9,2,0,0,0,0,8
research,10/37,28,5,3,1,1,0,0,10
computer,16/55,30,4,4,3,5,0,0,5
election,5/10,50,5,0,0,0,0,0,4
brothers,5/5,100,5,0,0,0,0,0,5
reaction,15/52,29,13,2,0,0,0,0,7
families,4/7,58,4,0,0,0,0,0,8
warrants,4/11,37,4,0,0,0,0,0,4
networks,3/10,30,2,1,0,0,0,0,7
operator,2/4,50,2,0,0,0,0,0,6
mortgage,3/3,100,3,0,0,0,0,0,8
senators,1/1,100,1,0,0,0,0,0,7
brothers,5/5,100,5,0,0,0,0,0,5
forecast,2/3,67,2,0,0,0,0,0,9
hearings,3/4,76,3,0,0,0,0,0,9
exposure,1/4,26,1,0,0,0,0,0,4
branches,3/6,50,3,0,0,0,0,0,13
gasoline,2/5,40,2,0,0,0,0,0,6
analysis,17/49,35,7,6,4,0,0,0,8
football,6/9,67,5,1,0,0,0,0,6
industry,32/57,57,32,0,0,0,0,0,6
teachers,12/40,30,10,2,0,0,0,0,5
mortgage,3/3,100,3,0,0,0,0,0,8
refinery,3/3,100,3,0,0,0,0,0,7
industry,32/57,57,32,0,0,0,0,0,6
reporter,2/8,26,2,0,0,0,0,0,5
sentence,10/16,63,8,2,0,0,0,0,8
brothers,5/5,100,5,0,0,0,0,0,5
handling,1/3,34,1,0,0,0,0,0,4
shipyard,1/2,50,1,0,0,0,0,0,4
company,41/83,50,28,4,9,0,0,0,7
trading,4/7,58,4,0,0,0,0,0,8
markets,9/13,70,9,0,0,0,0,0,6
economy,8/29,28,4,2,2,0,0,0,7
analyst,2/3,67,2,0,0,0,0,0,7
problem,2/2,100,2,0,0,0,0,0,13
service,4/8,50,2,2,0,0,0,0,8
dollars,24/25,96,23,1,0,0,0,0,10
manager,3/3,100,3,0,0,0,0,0,6
options,10/13,77,8,2,0,0,0,0,6
support,6/13,47,1,5,0,0,0,0,10
defense,10/23,44,8,2,0,0,0,0,7
charges,1/1,100,1,0,0,0,0,0,8
systems,60/169,36,23,25,4,5,3,0,9
network,3/10,30,2,1,0,0,0,0,7
deficit,1/1,100,1,0,0,0,0,0,7
session,4/13,31,4,0,0,0,0,0,6
service,4/8,50,2,2,0,0,0,0,8
express,1/1,100,1,0,0,0,0,0,5
returns,5/6,84,5,0,0,0,0,0,12
offices,10/17,59,9,1,0,0,0,0,6
factors,3/10,30,2,1,0,0,0,0,8
pension,2/6,34,2,0,0,0,0,0,9
balance,2/3,67,2,0,0,0,0,0,7
systems,60/169,36,23,25,4,5,3,0,9
centers,7/26,27,5,2,0,0,0,0,6
schools,62/98,64,30,30,2,0,0,0,8
damages,8/13,62,6,2,0,0,0,0,7
systems,60/169,36,23,25,4,5,3,0,9
critics,6/6,100,6,0,0,0,0,0,8
traffic,11/11,100,6,5,0,0,0,0,8
century,1/2,50,1,0,0,0,0,0,8
hearing,3/4,76,3,0,0,0,0,0,9
station,27/53,51,10,16,1,0,0,0,6
defense,10/23,44,8,2,0,0,0,0,7
reforms,1/4,26,1,0,0,0,0,0,6
markets,9/13,70,9,0,0,0,0,0,6
culture,11/24,46,8,3,0,0,0,0,12
benefit,7/21,34,6,1,0,0,0,0,5
expense,11/28,40,9,2,0,0,0,0,8
circuit,26/66,40,10,9,7,0,0,0,5
edition,2/3,67,2,0,0,0,0,0,7
markets,9/13,70,9,0,0,0,0,0,6
trading,4/7,58,4,0,0,0,0,0,8
charity,1/3,34,1,0,0,0,0,0,12
senator,1/1,100,1,0,0,0,0,0,7
theater,7/21,34,7,0,0,0,0,0,6
license,10/27,38,9,1,0,0,0,0,9
engines,31/72,44,7,4,17,3,0,0,8
streets,6/16,38,6,0,0,0,0,0,4
warning,5/15,34,3,2,0,0,0,0,4
brother,5/5,100,5,0,0,0,0,0,5
budgets,1/2,50,1,0,0,0,0,0,8
consent,1/1,100,1,0,0,0,0,0,9
baskets,6/15,40,4,2,0,0,0,0,4
warrant,4/11,37,4,0,0,0,0,0,4
missile,9/25,36,6,3,0,0,0,0,6
studios,2/5,40,2,0,0,0,0,0,9
tickets,11/14,79,11,0,0,0,0,0,7
screens,1/1,100,1,0,0,0,0,0,6
circuit,26/66,40,10,9,7,0,0,0,5
options,10/13,77,8,2,0,0,0,0,6
trading,4/7,58,4,0,0,0,0,0,8
company,41/83,50,28,4,9,0,0,0,7
network,3/10,30,2,1,0,0,0,0,7
charter,2/2,100,2,0,0,0,0,0,6
cabinet,2/5,40,2,0,0,0,0,0,6
massage,3/8,38,3,0,0,0,0,0,5
drivers,12/31,39,12,0,0,0,0,0,4
vaccine,8/13,62,4,4,0,0,0,0,8
teacher,12/40,30,10,2,0,0,0,0,5
market,9/13,70,9,0,0,0,0,0,6
issues,5/6,84,5,0,0,0,0,0,10
dollar,24/25,96,23,1,0,0,0,0,10
street,6/16,38,6,0,0,0,0,0,4
system,60/169,36,23,25,4,5,3,0,9
office,10/17,59,9,1,0,0,0,0,6
monday,1/2,50,1,0,0,0,0,0,6
orders,1/4,26,1,0,0,0,0,0,4
estate,4/7,58,4,0,0,0,0,0,5
makers,28/92,31,22,4,2,0,0,0,5
charge,1/1,100,1,0,0,0,0,0,8
rights,35/109,33,10,18,7,0,0,0,10
budget,1/2,50,1,0,0,0,0,0,8
family,4/7,58,4,0,0,0,0,0,8
buyers,1/3,34,1,0,0,0,0,0,6
return,5/6,84,5,0,0,0,0,0,12
states,4/9,45,2,2,0,0,0,0,9
course,7/23,31,7,0,0,0,0,0,8
buying,2/6,34,2,0,0,0,0,0,6
francs,22/22,100,22,0,0,0,0,0,10
letter,17/33,52,14,3,0,0,0,0,5
pilots,7/15,47,6,1,0,0,0,0,5
center,7/26,27,5,2,0,0,0,0,6
school,62/98,64,30,30,2,0,0,0,8
trades,3/5,60,3,0,0,0,0,0,9
strike,4/6,67,4,0,0,0,0,0,7
option,10/13,77,8,2,0,0,0,0,6
houses,33/85,39,26,5,1,1,0,0,5
season,16/22,73,15,1,0,0,0,0,7
office,10/17,59,9,1,0,0,0,0,6
editor,9/21,43,6,3,0,0,0,0,5
center,7/26,27,5,2,0,0,0,0,6
market,9/13,70,9,0,0,0,0,0,6
moment,3/12,26,3,0,0,0,0,0,5
copper,1/1,100,1,0,0,0,0,0,8
voters,3/6,50,3,0,0,0,0,0,7
system,60/169,36,23,25,4,5,3,0,9
school,62/98,64,30,30,2,0,0,0,8
trucks,15/48,32,10,5,0,0,0,0,6
studio,2/5,40,2,0,0,0,0,0,9
reform,1/4,26,1,0,0,0,0,0,6
courts,36/51,71,30,4,2,0,0,0,11
factor,3/10,30,2,1,0,0,0,0,8
blacks,4/6,67,4,0,0,0,0,0,4
budget,1/2,50,1,0,0,0,0,0,8
branch,3/6,50,3,0,0,0,0,0,13
theory,52/90,58,8,35,9,0,0,0,12
coffee,12/25,48,12,0,0,0,0,0,6
memory,2/6,34,2,0,0,0,0,0,6
basket,6/15,40,4,2,0,0,0,0,4
street,6/16,38,6,0,0,0,0,0,4
bridge,17/26,66,16,1,0,0,0,0,6
estate,4/7,58,4,0,0,0,0,0,5
mining,3/3,100,3,0,0,0,0,0,8
bridge,17/26,66,16,1,0,0,0,0,6
planes,19/55,35,12,7,0,0,0,0,8
silver,1/1,100,1,0,0,0,0,0,6
states,4/9,45,2,2,0,0,0,0,9
garden,13/28,47,12,1,0,0,0,0,5
market,9/13,70,9,0,0,0,0,0,6
engine,31/72,44,7,4,17,3,0,0,8
orange,8/8,100,5,3,0,0,0,0,7
ticket,11/14,79,11,0,0,0,0,0,7
screen,1/1,100,1,0,0,0,0,0,6
unions,4/10,40,4,0,0,0,0,0,11
treaty,2/6,34,2,0,0,0,0,0,5
checks,10/21,48,10,0,0,0,0,0,8
weight,6/18,34,5,1,0,0,0,0,5
island,2/4,50,2,0,0,0,0,0,10
league,10/15,67,9,1,0,0,0,0,6
master,1/1,100,1,0,0,0,0,0,4
museum,1/1,100,1,0,0,0,0,0,8
resort,2/3,67,2,0,0,0,0,0,6
league,10/15,67,9,1,0,0,0,0,6
comedy,8/14,58,8,0,0,0,0,0,5
cotton,3/3,100,3,0,0,0,0,0,12
window,21/37,57,20,1,0,0,0,0,6
stress,2/6,34,2,0,0,0,0,0,7
colony,1/4,26,1,0,0,0,0,0,8
lesson,10/10,100,5,5,0,0,0,0,7
jurors,2/6,34,2,0,0,0,0,0,5
second,1/1,100,1,0,0,0,0,0,6
making,4/5,80,4,0,0,0,0,0,5
stock,19/29,66,15,4,0,0,0,0,10
bonds,10/13,77,7,3,0,0,0,0,10
rates,1/1,100,1,0,0,0,0,0,5
state,4/9,45,2,2,0,0,0,0,9
issue,5/6,84,5,0,0,0,0,0,10
house,33/85,39,26,5,1,1,0,0,5
stock,19/29,66,15,4,0,0,0,0,10
trade,3/5,60,3,0,0,0,0,0,9
loans,20/25,80,14,6,0,0,0,0,10
value,4/8,50,4,0,0,0,0,0,12
board,15/23,66,12,3,0,0,0,0,10
court,36/51,71,30,4,2,0,0,0,11
board,15/23,66,12,3,0,0,0,0,10
maker,28/92,31,22,4,2,0,0,0,5
weeks,2/8,26,2,0,0,0,0,0,5
times,3/5,60,3,0,0,0,0,0,9
paper,59/210,29,40,18,1,0,0,0,5
order,1/4,26,1,0,0,0,0,0,4
union,4/10,40,4,0,0,0,0,0,11
union,4/10,40,4,0,0,0,0,0,11
bills,5/5,100,5,0,0,0,0,0,10
steel,34/37,92,15,17,2,0,0,0,10
court,36/51,71,30,4,2,0,0,0,11
goods,1/2,50,1,0,0,0,0,0,7
right,35/109,33,10,18,7,0,0,0,10
trust,24/24,100,21,3,0,0,0,0,10
lines,4/15,27,4,0,0,0,0,0,6
state,4/9,45,2,2,0,0,0,0,9
floor,3/7,43,3,0,0,0,0,0,5
taxes,32/64,50,14,12,6,0,0,0,8
staff,8/10,80,8,0,0,0,0,0,8
night,2/2,100,2,0,0,0,0,0,7
house,33/85,39,26,5,1,1,0,0,5
labor,3/4,76,3,0,0,0,0,0,9
trust,24/24,100,21,3,0,0,0,0,10
space,11/14,79,6,3,2,0,0,0,7
chain,1/2,50,1,0,0,0,0,0,4
rally,1/3,34,1,0,0,0,0,0,6
sense,2/2,100,2,0,0,0,0,0,16
deals,1/2,50,1,0,0,0,0,0,6
water,21/27,78,20,1,0,0,0,0,6
trade,3/5,60,3,0,0,0,0,0,9
calls,11/12,92,9,2,0,0,0,0,8
phone,15/19,79,11,4,0,0,0,0,8
field,7/22,32,3,4,0,0,0,0,4
image,6/14,43,5,1,0,0,0,0,8
times,3/5,60,3,0,0,0,0,0,9
items,4/10,40,4,0,0,0,0,0,6
steel,34/37,92,15,17,2,0,0,0,10
brown,9/37,25,7,2,0,0,0,0,4
buyer,1/3,34,1,0,0,0,0,0,6
fraud,12/37,33,11,1,0,0,0,0,6
black,4/6,67,4,0,0,0,0,0,4
homes,2/2,100,2,0,0,0,0,0,13
pages,5/20,26,5,0,0,0,0,0,6
sides,8/9,89,8,0,0,0,0,0,5
prime,1/1,100,1,0,0,0,0,0,7
books,38/139,28,17,11,7,3,0,0,8
truck,15/48,32,10,5,0,0,0,0,6
tests,5/7,72,4,1,0,0,0,0,7
start,6/20,30,4,2,0,0,0,0,5
labor,3/4,76,3,0,0,0,0,0,9
surge,1/3,34,1,0,0,0,0,0,5
sugar,15/17,89,10,2,3,0,0,0,7
speed,4/13,31,4,0,0,0,0,0,8
suits,10/12,84,5,5,0,0,0,0,9
boost,1/2,50,1,0,0,0,0,0,10
worth,2/4,50,2,0,0,0,0,0,6
genes,25/39,65,23,2,0,0,0,0,9
table,7/10,70,6,1,0,0,0,0,11
blood,14/32,44,11,3,0,0,0,0,5
pilot,7/15,47,6,1,0,0,0,0,5
mayor,2/4,50,2,0,0,0,0,0,4
posts,3/7,43,2,1,0,0,0,0,10
glass,21/31,68,16,5,0,0,0,0,7
paper,59/210,29,40,18,1,0,0,0,5
ships,39/118,34,23,13,3,0,0,0,8
plane,19/55,35,12,7,0,0,0,0,8
shops,32/97,33,29,3,0,0,0,0,7
rally,1/3,34,1,0,0,0,0,0,6
green,14/19,74,14,0,0,0,0,0,5
scale,18/23,79,9,9,0,0,0,0,9
teams,13/44,30,10,3,0,0,0,0,7
eagle,14/25,56,7,7,0,0,0,0,9
novel,5/11,46,5,0,0,0,0,0,7
wheat,7/19,37,7,0,0,0,0,0,9
bases,5/6,84,5,0,0,0,0,0,6
bikes,4/6,67,4,0,0,0,0,0,5
shell,4/7,58,4,0,0,0,0,0,7
walls,6/17,36,6,0,0,0,0,0,6
entry,3/5,60,3,0,0,0,0,0,9
mayor,2/4,50,2,0,0,0,0,0,4
brief,1/1,100,1,0,0,0,0,0,15
glass,21/31,68,16,5,0,0,0,0,7
bonds,10/13,77,7,3,0,0,0,0,10
stock,19/29,66,15,4,0,0,0,0,10
audit,2/2,100,2,0,0,0,0,0,9
field,7/22,32,3,4,0,0,0,0,4
storm,14/30,47,10,4,0,0,0,0,5
lunch,1/1,100,1,0,0,0,0,0,9
tower,10/30,34,9,1,0,0,0,0,4
mines,9/10,90,9,0,0,0,0,0,6
check,10/21,48,10,0,0,0,0,0,8
bench,3/10,30,3,0,0,0,0,0,4
horse,42/134,32,13,19,10,0,0,0,5
doors,18/23,79,13,5,0,0,0,0,7
bells,12/15,80,11,1,0,0,0,0,7
paper,59/210,29,40,18,1,0,0,0,5
rates,1/1,100,1,0,0,0,0,0,5
tower,10/30,34,9,1,0,0,0,0,4
beers,9/29,32,3,6,0,0,0,0,5
dream,1/2,50,1,0,0,0,0,0,5
year,13/22,60,13,0,0,0,0,0,6
week,2/8,26,2,0,0,0,0,0,5
bank,1/3,34,1,0,0,0,0,0,6
bank,1/3,34,1,0,0,0,0,0,6
bill,5/5,100,5,0,0,0,0,0,10
wall,6/17,36,6,0,0,0,0,0,6
bond,10/13,77,7,3,0,0,0,0,10
home,2/2,100,2,0,0,0,0,0,13
fund,9/20,46,7,2,0,0,0,0,8
line,4/15,27,4,0,0,0,0,0,6
drop,2/2,100,2,0,0,0,0,0,4
deal,1/2,50,1,0,0,0,0,0,6
loan,20/25,80,14,6,0,0,0,0,10
corp,6/23,27,6,0,0,0,0,0,14
suit,10/12,84,5,5,0,0,0,0,9
cars,21/76,28,19,2,0,0,0,0,6
team,13/44,30,10,3,0,0,0,0,7
data,3/3,100,3,0,0,0,0,0,7
name,35/115,31,27,8,0,0,0,0,6
fees,10/38,27,10,0,0,0,0,0,8
side,8/9,89,8,0,0,0,0,0,5
base,5/6,84,5,0,0,0,0,0,6
test,5/7,72,4,1,0,0,0,0,7
fund,9/20,46,7,2,0,0,0,0,8
hour,3/3,100,3,0,0,0,0,0,7
date,2/5,40,2,0,0,0,0,0,6
room,105/331,32,61,35,9,0,0,0,6
feet,2/3,67,2,0,0,0,0,0,6
book,38/139,28,17,11,7,3,0,0,8
land,1/3,34,1,0,0,0,0,0,7
veto,1/1,100,1,0,0,0,0,0,8
jury,6/6,100,6,0,0,0,0,0,8
home,2/2,100,2,0,0,0,0,0,13
data,3/3,100,3,0,0,0,0,0,7
post,3/7,43,2,1,0,0,0,0,10
bell,12/15,80,11,1,0,0,0,0,7
bond,10/13,77,7,3,0,0,0,0,10
park,2/2,100,2,0,0,0,0,0,8
loan,20/25,80,14,6,0,0,0,0,10
bear,14/34,42,9,5,0,0,0,0,10
town,6/8,76,6,0,0,0,0,0,5
corn,12/19,64,6,6,0,0,0,0,9
call,11/12,92,9,2,0,0,0,0,8
bill,5/5,100,5,0,0,0,0,0,10
gene,25/39,65,23,2,0,0,0,0,9
fire,12/17,71,8,4,0,0,0,0,6
coup,1/1,100,1,0,0,0,0,0,8
mind,2/7,29,2,0,0,0,0,0,7
mail,11/35,32,9,1,0,1,0,0,8
fine,1/1,100,1,0,0,0,0,0,8
ties,10/13,77,8,2,0,0,0,0,6
door,18/23,79,13,5,0,0,0,0,7
card,14/57,25,6,8,0,0,0,0,4
heat,12/13,93,6,6,0,0,0,0,14
race,3/8,38,1,2,0,0,0,0,9
disk,1/4,26,1,0,0,0,0,0,8
beer,9/29,32,3,6,0,0,0,0,5
tape,8/15,54,1,7,0,0,0,0,8
coal,9/12,76,7,2,0,0,0,0,6
wolf,11/18,62,11,0,0,0,0,0,7
bull,1/1,100,1,0,0,0,0,0,4
mine,9/10,90,9,0,0,0,0,0,6
star,13/25,52,12,1,0,0,0,0,6
jump,1/2,50,1,0,0,0,0,0,8
host,1/1,100,1,0,0,0,0,0,4
play,6/8,76,6,0,0,0,0,0,9
fans,3/5,60,2,1,0,0,0,0,6
body,17/31,55,4,4,9,0,0,0,6
bond,10/13,77,7,3,0,0,0,0,10
farm,11/23,48,11,0,0,0,0,0,5
data,3/3,100,3,0,0,0,0,0,7
tone,1/4,26,1,0,0,0,0,0,4
shop,32/97,33,29,3,0,0,0,0,7
fees,10/38,27,10,0,0,0,0,0,8
pool,3/11,28,2,1,0,0,0,0,5
bloc,1/3,34,1,0,0,0,0,0,12
poll,2/3,67,2,0,0,0,0,0,6
pill,2/3,67,1,1,0,0,0,0,10
page,5/20,26,5,0,0,0,0,0,6
code,8/18,45,6,2,0,0,0,0,7
flag,9/37,25,9,0,0,0,0,0,6
blue,11/20,56,11,0,0,0,0,0,6
mill,10/31,33,7,3,0,0,0,0,7
mass,12/22,55,12,0,0,0,0,0,9
load,5/8,63,5,0,0,0,0,0,5
post,3/7,43,2,1,0,0,0,0,10
wire,6/7,86,6,0,0,0,0,0,6
park,2/2,100,2,0,0,0,0,0,8
foot,2/3,67,2,0,0,0,0,0,6
line,4/15,27,4,0,0,0,0,0,6
wall,6/17,36,6,0,0,0,0,0,6
milk,24/24,100,23,1,0,0,0,0,9
star,13/25,52,12,1,0,0,0,0,6
gray,10/23,44,10,0,0,0,0,0,7
path,2/8,26,2,0,0,0,0,0,6
hold,8/27,30,3,5,0,0,0,0,6
ship,39/118,34,23,13,3,0,0,0,8
rose,14/31,46,14,0,0,0,0,0,8
wars,11/20,56,9,2,0,0,0,0,10
bike,4/6,67,4,0,0,0,0,0,5
tax,32/64,50,14,12,6,0,0,0,8
day,5/16,32,3,2,0,0,0,0,6
law,28/38,74,21,6,1,0,0,0,10
oil,86/116,75,48,35,3,0,0,0,8
car,21/76,28,19,2,0,0,0,0,6
air,2/6,34,2,0,0,0,0,0,6
men,2/4,50,2,0,0,0,0,0,9
sec,1/1,100,1,0,0,0,0,0,9
war,11/20,56,9,2,0,0,0,0,10
air,2/6,34,2,0,0,0,0,0,6
ads,8/27,30,5,2,1,0,0,0,8
pay,8/12,67,8,0,0,0,0,0,7
eye,3/11,28,3,0,0,0,0,0,6
oil,86/116,75,48,35,3,0,0,0,8
red,12/27,45,9,3,0,0,0,0,6
war,11/20,56,9,2,0,0,0,0,10
run,3/4,76,3,0,0,0,0,0,7
key,5/7,72,4,1,0,0,0,0,7
fee,10/38,27,10,0,0,0,0,0,8
tax,32/64,50,14,12,6,0,0,0,8
fox,12/20,60,9,3,0,0,0,0,8
day,5/16,32,3,2,0,0,0,0,6
mix,4/6,67,1,3,0,0,0,0,10
law,28/38,74,21,6,1,0,0,0,10
pit,6/9,67,6,0,0,0,0,0,6
cap,24/55,44,24,0,0,0,0,0,6
jet,7/8,88,7,0,0,0,0,0,5
bus,3/5,60,3,0,0,0,0,0,9
pan,12/17,71,8,4,0,0,0,0,7
ad,8/27,30,5,2,1,0,0,0,8
s,1/1,100,1,0,0,0,0,0,11
s,1/1,100,1,0,0,0,0,0,11
b,5/7,72,5,0,0,0,0,0,15
