screwdriver,4/4,100,4,0,0,0,0,0,11
guitar,5/12,42,5,0,0,0,0,0,4
hammer,0/0,N/A,0,0,0,0,0,0,N/A
piano,8/16,50,4,4,0,0,0,0,7
apple,5/29,18,5,0,0,0,0,0,7
peach,0/0,N/A,0,0,0,0,0,0,N/A
grape,6/17,36,3,2,1,0,0,0,5
pants,0/0,N/A,0,0,0,0,0,0,N/A
socks,5/13,39,5,0,0,0,0,0,4
shirt,8/17,48,8,0,0,0,0,0,4
table,7/10,70,6,1,0,0,0,0,11
chair,31/48,65,17,13,1,0,0,0,7
truck,15/48,32,10,5,0,0,0,0,6
drum,5/14,36,5,0,0,0,0,0,4
lamp,27/68,40,19,7,1,0,0,0,8
saw,0/0,N/A,0,0,0,0,0,0,N/A
car,21/76,28,19,2,0,0,0,0,6
bus,3/5,60,3,0,0,0,0,0,9
dog,51/279,19,11,22,16,2,0,0,10
cat,35/87,41,4,30,1,0,0,0,7
