chương trình,2/2,100,0,2,0,0,0,0,10
chiến thắng,9/34,27,0,9,0,0,0,0,8
chiến tranh,14/29,49,0,12,2,0,0,0,7
thương hiệu,1/4,26,0,1,0,0,0,0,5
tiểu thuyết,9/12,76,0,6,3,0,0,0,9
thị trường,5/8,63,0,5,0,0,0,0,11
thương mại,7/13,54,0,4,3,0,0,0,12
triển khai,2/5,40,0,2,0,0,0,0,4
điện thoại,15/19,79,0,13,2,0,0,0,8
chính sách,22/64,35,0,6,14,2,0,0,11
hoàn thành,6/8,76,0,6,0,0,0,0,11
cạnh tranh,1/2,50,0,1,0,0,0,0,8
phong trào,37/136,28,0,14,22,1,0,0,13
chứng nhận,3/4,76,0,3,0,0,0,0,11
nghị quyết,1/1,100,0,1,0,0,0,0,6
hành khách,2/6,34,0,1,1,0,0,0,15
trái phiếu,29/40,73,0,25,3,1,0,0,12
trung tâm,2/2,100,0,2,0,0,0,0,11
sinh viên,29/63,47,0,15,5,6,3,0,10
ngân hàng,19/30,64,0,17,1,1,0,0,11
khai thác,10/38,27,0,10,0,0,0,0,11
biểu diễn,11/38,29,0,10,1,0,0,0,9
giáo viên,18/57,32,0,13,5,0,0,0,6
danh sách,10/14,72,0,10,0,0,0,0,10
khách sạn,10/31,33,0,9,1,0,0,0,11
ngân sách,2/4,50,0,2,0,0,0,0,14
tiêu dùng,2/3,67,0,2,0,0,0,0,13
tải trọng,1/4,26,0,1,0,0,0,0,22
cách mạng,1/1,100,0,1,0,0,0,0,11
liên đoàn,7/28,26,0,7,0,0,0,0,6
giấy phép,2/6,34,0,2,0,0,0,0,12
người mẫu,5/8,63,0,3,2,0,0,0,8
công thức,3/4,76,0,2,1,0,0,0,10
thần kinh,92/110,84,0,30,62,0,0,0,11
chẩn đoán,6/15,40,0,6,0,0,0,0,7
công viên,4/8,50,0,3,1,0,0,0,10
động viên,2/7,29,0,2,0,0,0,0,6
xây dựng,7/9,78,0,7,0,0,0,0,12
gia đình,6/9,67,0,6,0,0,0,0,9
tìm kiếm,4/9,45,0,1,3,0,0,0,8
quy định,1/4,26,0,1,0,0,0,0,6
nhà nước,1/3,34,0,1,0,0,0,0,16
kế hoạch,1/4,26,0,1,0,0,0,0,12
chủ tịch,2/3,67,0,2,0,0,0,0,9
cảnh sát,20/48,42,0,18,2,0,0,0,7
đại diện,2/4,50,0,2,0,0,0,0,10
quốc hội,2/7,29,0,2,0,0,0,0,8
thí sinh,1/2,50,0,1,0,0,0,0,8
con trai,2/3,67,0,2,0,0,0,0,5
ngôi sao,2/8,26,0,2,0,0,0,0,11
cửa hàng,59/121,49,0,55,4,0,0,0,9
thay thế,4/14,29,0,4,0,0,0,0,10
khủng bố,22/27,82,0,22,0,0,0,0,17
âm thanh,1/1,100,0,1,0,0,0,0,18
cường độ,4/12,34,0,3,1,0,0,0,7
phản ứng,24/82,30,0,20,4,0,0,0,7
huy động,3/7,43,0,3,0,0,0,0,7
điện trở,2/2,100,0,2,0,0,0,0,11
cân bằng,2/5,40,0,2,0,0,0,0,20
nâng cấp,1/1,100,0,1,0,0,0,0,4
siêu thị,1/1,100,0,1,0,0,0,0,4
buôn lậu,4/6,67,0,4,0,0,0,0,12
văn minh,15/23,66,0,11,4,0,0,0,12
tiếp thị,2/8,26,0,2,0,0,0,0,8
quản lý,5/8,63,0,5,0,0,0,0,8
cầu thủ,60/226,27,0,8,22,20,10,0,11
dịch vụ,5/20,26,0,2,3,0,0,0,11
du lịch,2/2,100,0,2,0,0,0,0,13
bê tông,2/4,50,0,2,0,0,0,0,7
dữ liệu,3/3,100,0,3,0,0,0,0,6
thứ hai,2/4,50,0,2,0,0,0,0,17
nhà máy,39/79,50,0,18,20,1,0,0,9
vi phạm,24/33,73,0,7,17,0,0,0,12
điện tử,2/8,26,0,2,0,0,0,0,6
ung thư,49/126,39,0,7,36,6,0,0,13
rõ ràng,3/12,26,0,3,0,0,0,0,5
xi măng,2/2,100,0,2,0,0,0,0,9
hội chợ,1/1,100,0,1,0,0,0,0,5
khởi tố,1/3,34,0,1,0,0,0,0,26
kẻ cướp,2/7,29,0,2,0,0,0,0,9
bài hát,36/120,30,0,22,12,2,0,0,8
cố định,2/4,50,0,2,0,0,0,0,7
lợi thế,1/4,26,0,1,0,0,0,0,16
dân chủ,4/8,50,0,4,0,0,0,0,13
máy thu,7/9,78,0,7,0,0,0,0,15
mua sắm,1/4,26,0,1,0,0,0,0,4
chỉ thị,1/1,100,0,1,0,0,0,0,15
vệ tinh,2/2,100,0,2,0,0,0,0,5
phụ lục,2/5,40,0,1,1,0,0,0,7
ô nhiễm,3/4,76,0,3,0,0,0,0,11
đầu tư,6/19,32,0,6,0,0,0,0,20
vấn đề,3/3,100,0,3,0,0,0,0,24
đơn vị,611/2340,27,0,57,392,139,23,0,7
tần số,13/35,38,0,6,7,0,0,0,7
bác sĩ,58/138,43,0,5,12,40,1,0,13
tư vấn,1/1,100,0,1,0,0,0,0,12
bị cáo,3/10,30,0,3,0,0,0,0,8
thứ ba,2/3,67,0,2,0,0,0,0,19
cà phê,23/30,77,0,20,3,0,0,0,10
vũ trụ,2/4,50,0,2,0,0,0,0,8
tế bào,118/271,44,0,25,30,35,11,4,8
lễ hội,15/41,37,0,15,0,0,0,0,12
cửa sổ,4/4,100,0,4,0,0,0,0,8
chu kỳ,2/2,100,0,2,0,0,0,0,7
dự báo,2/2,100,0,2,0,0,0,0,12
chủ đề,1/1,100,0,1,0,0,0,0,10
lái xe,1/3,34,0,1,0,0,0,0,4
chị em,2/7,29,0,2,0,0,0,0,9
da cam,1/2,50,0,0,1,0,0,0,6
cử tri,5/8,63,0,5,0,0,0,0,13
kỹ sư,13/47,28,0,13,0,0,0,0,12
vitamin,37/123,31,0,2,17,18,0,0,7
trường,6/10,60,0,4,2,0,0,0,6
truyền,18/71,26,0,10,7,1,0,0,9
trưởng,58/162,36,0,4,40,6,5,3,11
giường,32/39,83,0,28,4,0,0,0,7
truyện,15/40,38,0,10,5,0,0,0,11
đường,42/167,26,0,10,9,4,11,8,7
tháng,112/129,87,0,5,107,0,0,0,11
trang,20/24,84,0,15,5,0,0,0,10
thuốc,4/14,29,0,3,1,0,0,0,9
ngành,19/36,53,0,19,0,0,0,0,13
thắng,6/21,29,0,4,0,2,0,0,7
khách,8/11,73,0,4,4,0,0,0,9
dương,9/13,70,0,9,0,0,0,0,13
hướng,36/81,45,0,30,6,0,0,0,10
tranh,39/53,74,0,34,5,0,0,0,13
phong,3/6,50,0,3,0,0,0,0,9
tường,16/26,62,0,15,1,0,0,0,9
trồng,9/10,90,0,9,0,0,0,0,17
giọng,3/4,76,0,3,0,0,0,0,9
chiếm,4/6,67,0,4,0,0,0,0,9
nghĩa,4/4,100,0,4,0,0,0,0,13
thẳng,4/8,50,0,4,0,0,0,0,9
khung,3/7,43,0,1,2,0,0,0,5
nghìn,1/1,100,0,1,0,0,0,0,5
khoản,5/8,63,0,5,0,0,0,0,11
vương,3/7,43,0,3,0,0,0,0,7
khoan,34/35,98,0,23,11,0,0,0,8
trống,5/8,63,0,5,0,0,0,0,6
nhiệt,13/14,93,0,8,5,0,0,0,10
tuyết,3/5,60,0,3,0,0,0,0,11
triều,34/85,40,0,34,0,0,0,0,10
tướng,16/21,77,0,15,1,0,0,0,8
phiếu,12/29,42,0,12,0,0,0,0,10
thang,22/36,62,0,13,9,0,0,0,11
thăng,2/2,100,0,2,0,0,0,0,9
logic,1/1,100,0,1,0,0,0,0,11
giếng,13/14,93,0,6,7,0,0,0,13
thánh,4/4,100,0,4,0,0,0,0,7
nhiễu,5/16,32,0,4,1,0,0,0,9
thước,3/5,60,0,3,0,0,0,0,6
ngày,3/3,100,0,3,0,0,0,0,10
bằng,34/141,25,0,10,24,0,0,0,11
sống,12/15,80,0,11,1,0,0,0,8
đồng,2/2,100,0,2,0,0,0,0,10
giải,14/28,50,0,13,1,0,0,0,11
thêm,4/12,34,0,4,0,0,0,0,8
nhìn,5/19,27,0,5,0,0,0,0,7
chân,1/4,26,0,1,0,0,0,0,4
luật,48/61,79,0,29,16,3,0,0,11
giảm,1/3,34,0,1,0,0,0,0,8
phim,34/42,81,0,24,9,1,0,0,9
bệnh,884/1833,49,0,47,277,328,136,65,13
mang,3/4,76,0,3,0,0,0,0,8
chạy,6/13,47,0,6,0,0,0,0,9
phép,15/50,30,0,13,2,0,0,0,9
vàng,7/8,88,0,7,0,0,0,0,7
nhóm,48/130,37,0,40,8,0,0,0,7
sinh,3/5,60,0,3,0,0,0,0,8
phút,8/23,35,0,5,3,0,0,0,9
cười,22/22,100,0,22,0,0,0,0,12
cháu,2/5,40,0,2,0,0,0,0,4
sách,5/8,63,0,3,2,0,0,0,12
làng,4/6,67,0,0,4,0,0,0,7
tuần,7/9,78,0,7,0,0,0,0,15
uống,3/4,76,0,3,0,0,0,0,10
mạng,8/11,73,0,1,7,0,0,0,9
châu,1/3,34,0,1,0,0,0,0,9
kiếm,11/21,53,0,8,3,0,0,0,8
rượu,25/68,37,0,18,6,1,0,0,9
thép,53/59,90,0,25,26,2,0,0,10
tiêm,10/12,84,0,10,0,0,0,0,10
giấy,137/292,47,0,79,48,9,1,0,8
thuế,83/99,84,0,3,3,27,23,25,11
ngôi,3/3,100,0,3,0,0,0,0,12
tiến,5/20,26,0,5,0,0,0,0,9
băng,3/6,50,0,3,0,0,0,0,8
tiểu,11/21,53,0,11,0,0,0,0,7
hạnh,1/1,100,0,1,0,0,0,0,12
hành,4/5,80,0,4,0,0,0,0,5
nghỉ,1/1,100,0,1,0,0,0,0,16
chia,5/5,100,0,5,0,0,0,0,12
đảng,58/62,94,0,52,6,0,0,0,14
cháy,8/13,62,0,4,3,1,0,0,9
giáo,19/25,76,0,18,1,0,0,0,19
chức,124/347,36,0,107,17,0,0,0,16
lượt,1/3,34,0,1,0,0,0,0,6
kiến,24/28,86,0,19,5,0,0,0,12
cổng,4/11,37,0,4,0,0,0,0,8
trạm,25/67,38,0,8,14,3,0,0,10
kịch,7/8,88,0,7,0,0,0,0,21
phân,7/7,100,0,7,0,0,0,0,7
lịch,26/31,84,0,10,13,3,0,0,11
trục,20/20,100,0,15,5,0,0,0,8
súng,13/45,29,0,13,0,0,0,0,12
bánh,1/2,50,0,1,0,0,0,0,12
tinh,3/5,60,0,3,0,0,0,0,10
kính,58/88,66,0,14,29,15,0,0,11
phái,3/11,28,0,3,0,0,0,0,12
gạch,9/11,82,0,9,0,0,0,0,8
ghép,4/8,50,0,4,0,0,0,0,18
xăng,3/4,76,0,3,0,0,0,0,7
cảng,1/3,34,0,1,0,0,0,0,6
quần,48/55,88,0,37,11,0,0,0,9
thừa,14/56,26,0,11,3,0,0,0,8
khâu,4/4,100,0,4,0,0,0,0,8
khắc,1/3,34,0,1,0,0,0,0,10
tham,4/12,34,0,4,0,0,0,0,9
ruột,10/22,46,0,2,4,4,0,0,9
cước,1/2,50,0,1,0,0,0,0,16
vang,46/120,39,0,12,33,1,0,0,12
vắng,3/9,34,0,3,0,0,0,0,8
ngăn,4/13,31,0,0,2,2,0,0,12
trộn,2/7,29,0,2,0,0,0,0,8
than,16/18,89,0,13,3,0,0,0,6
giây,2/2,100,0,2,0,0,0,0,7
hỏng,6/21,29,0,5,1,0,0,0,9
giáp,34/70,49,0,26,8,0,0,0,10
liệt,26/31,84,0,22,4,0,0,0,14
khớp,56/83,68,0,5,30,21,0,0,11
đích,3/4,76,0,1,2,0,0,0,14
trộm,3/8,38,0,2,1,0,0,0,10
niên,2/3,67,0,2,0,0,0,0,4
liều,8/27,30,0,8,0,0,0,0,10
trùm,2/4,50,0,2,0,0,0,0,16
thuỳ,7/12,59,0,7,0,0,0,0,6
hươu,26/64,41,0,17,9,0,0,0,10
chăn,4/9,45,0,4,0,0,0,0,11
miễn,15/24,63,0,14,1,0,0,0,13
tiệc,39/69,57,0,23,15,1,0,0,12
năm,1/3,34,0,1,0,0,0,0,5
anh,3/10,30,0,3,0,0,0,0,9
lên,15/36,42,0,9,6,0,0,0,9
con,36/86,42,0,12,8,11,5,0,10
lớn,11/30,37,0,10,1,0,0,0,8
trẻ,12/19,64,0,12,0,0,0,0,8
đất,74/113,66,0,46,27,1,0,0,10
tin,28/46,61,0,12,10,6,0,0,11
sao,1/1,100,0,1,0,0,0,0,9
chị,5/7,72,0,5,0,0,0,0,12
thứ,12/38,32,0,0,8,4,0,0,12
tên,3/3,100,0,3,0,0,0,0,7
mua,11/16,69,0,9,2,0,0,0,12
giờ,38/112,34,0,26,12,0,0,0,10
mùa,23/27,86,0,21,2,0,0,0,13
thị,3/12,26,0,3,0,0,0,0,7
bài,14/18,78,0,4,10,0,0,0,13
đêm,4/4,100,0,4,0,0,0,0,14
chủ,20/27,75,0,13,3,4,0,0,12
lan,248/318,78,0,151,95,2,0,0,15
bắt,7/8,88,0,7,0,0,0,0,7
sân,2/6,34,0,2,0,0,0,0,10
dẫn,6/19,32,0,1,5,0,0,0,12
gái,26/77,34,0,23,3,0,0,0,10
kéo,11/13,85,0,4,5,2,0,0,9
màu,219/387,57,0,12,36,136,35,0,8
đôi,2/2,100,0,2,0,0,0,0,13
hàn,19/19,100,0,13,6,0,0,0,10
gửi,2/8,26,0,2,0,0,0,0,7
bãi,1/1,100,0,1,0,0,0,0,5
gió,94/111,85,0,56,38,0,0,0,10
đơn,6/12,50,0,6,0,0,0,0,15
mày,1/2,50,0,1,0,0,0,0,9
nối,4/7,58,0,3,1,0,0,0,14
tài,10/37,28,0,9,1,0,0,0,14
lực,43/108,40,0,27,14,2,0,0,11
chợ,4/4,100,0,4,0,0,0,0,10
đau,147/216,69,0,94,39,14,0,0,11
hát,6/6,100,0,6,0,0,0,0,8
đổi,2/5,40,0,2,0,0,0,0,9
bay,8/10,80,0,8,0,0,0,0,8
thư,35/47,75,0,30,5,0,0,0,10
hơi,6/10,60,0,2,4,0,0,0,11
dầu,1/1,100,0,1,0,0,0,0,5
mối,8/10,80,0,6,2,0,0,0,17
hợp,7/8,88,0,7,0,0,0,0,12
góc,47/83,57,0,39,8,0,0,0,8
cam,14/17,83,0,14,0,0,0,0,12
kêu,13/44,30,0,13,0,0,0,0,10
họp,9/18,50,0,6,3,0,0,0,18
bạc,4/4,100,0,4,0,0,0,0,16
khí,62/250,25,0,36,21,5,0,0,9
món,150/604,25,0,83,51,14,2,0,12
căn,16/21,77,0,16,0,0,0,0,15
tóc,80/155,52,0,11,46,23,0,0,9
hạt,5/16,32,0,1,0,3,1,0,7
rơi,2/3,67,0,2,0,0,0,0,9
lao,11/17,65,0,11,0,0,0,0,8
gốc,39/130,30,0,33,6,0,0,0,8
thở,12/34,36,0,3,9,0,0,0,8
khô,14/22,64,0,14,0,0,0,0,9
thẻ,1/1,100,0,1,0,0,0,0,11
đèn,4/7,58,0,2,2,0,0,0,11
bắn,3/4,76,0,3,0,0,0,0,24
môi,2/4,50,0,2,0,0,0,0,12
tôm,1/1,100,0,1,0,0,0,0,5
đùa,13/31,42,0,13,0,0,0,0,15
hàm,23/87,27,0,9,14,0,0,0,9
tật,45/137,33,0,3,27,9,3,3,13
van,13/13,100,0,4,3,6,0,0,10
sắt,20/32,63,0,13,7,0,0,0,7
vữa,4/10,40,0,4,0,0,0,0,8
tần,15/35,43,0,7,8,0,0,0,10
bìa,9/18,50,0,8,1,0,0,0,9
cáp,6/8,76,0,5,1,0,0,0,11
bơm,39/48,82,0,30,9,0,0,0,10
tre,13/35,38,0,13,0,0,0,0,10
bia,13/15,87,0,10,3,0,0,0,10
sợi,9/22,41,0,7,2,0,0,0,8
dao,52/57,92,0,36,16,0,0,0,9
phù,15/17,89,0,15,0,0,0,0,12
đếm,20/32,63,0,15,5,0,0,0,14
đậu,11/19,58,0,11,0,0,0,0,9
rửa,11/31,36,0,4,7,0,0,0,13
quà,15/17,89,0,10,5,0,0,0,16
trừ,4/9,45,0,4,0,0,0,0,14
hầm,1/4,26,0,1,0,0,0,0,11
bếp,7/10,70,0,7,0,0,0,0,5
gối,3/3,100,0,3,0,0,0,0,4
hôn,14/14,100,0,12,2,0,0,0,12
hẹn,4/4,100,0,4,0,0,0,0,12
béo,5/20,26,0,3,2,0,0,0,9
leo,10/19,53,0,6,4,0,0,0,12
gan,3/4,76,0,3,0,0,0,0,9
đạn,11/12,92,0,11,0,0,0,0,8
thợ,10/14,72,0,10,0,0,0,0,13
đệm,6/21,29,0,6,0,0,0,0,9
rắn,217/260,84,0,10,90,87,29,1,12
mía,1/1,100,0,1,0,0,0,0,5
cúp,2/4,50,0,2,0,0,0,0,14
củi,6/13,47,0,5,1,0,0,0,14
bấm,4/5,80,0,4,0,0,0,0,12
bút,21/40,53,0,8,13,0,0,0,8
men,15/20,76,0,4,5,6,0,0,10
ngữ,1266/2677,48,0,66,167,433,445,95,13
cua,41/43,96,0,22,19,0,0,0,12
lừa,2/2,100,0,2,0,0,0,0,5
lợn,1/1,100,0,1,0,0,0,0,5
toa,16/19,85,0,16,0,0,0,0,14
ướt,4/6,67,0,4,0,0,0,0,13
gốm,5/10,50,0,5,0,0,0,0,9
hà,3/4,76,0,3,0,0,0,0,12
ba,14/14,100,0,1,13,0,0,0,10
ăn,40/73,55,0,38,2,0,0,0,9
an,10/17,59,0,10,0,0,0,0,12
mở,20/61,33,0,0,0,20,0,0,12
cổ,1/1,100,0,1,0,0,0,0,4
da,55/64,86,0,47,8,0,0,0,9
vị,3/4,76,0,3,0,0,0,0,7
đo,83/195,43,0,72,5,5,0,0,15
lá,2/2,100,0,2,0,0,0,0,8
án,3/6,50,0,3,0,0,0,0,22
gà,14/15,94,0,10,4,0,0,0,14
lễ,33/56,59,0,17,16,0,0,0,15
tù,6/9,67,0,6,0,0,0,0,7
hề,7/8,88,0,7,0,0,0,0,8
vé,14/15,94,0,11,3,0,0,0,11
gỗ,143/264,55,0,121,17,5,0,0,11
âm,1/1,100,0,1,0,0,0,0,24
kế,2/8,26,0,2,0,0,0,0,9
mộ,6/15,40,0,3,3,0,0,0,7
cú,11/26,43,0,11,0,0,0,0,10
lở,6/11,55,0,5,1,0,0,0,8
sử,15/31,49,0,10,5,0,0,0,11
mơ,3/7,43,0,3,0,0,0,0,12
nổ,15/19,79,0,10,3,2,0,0,11
bò,1/3,34,0,1,0,0,0,0,7
cờ,8/8,100,0,6,2,0,0,0,11
bá,13/41,32,0,13,0,0,0,0,16
đô,52/62,84,0,51,1,0,0,0,12
sa,10/14,72,0,7,3,0,0,0,12
al,3/8,38,0,3,0,0,0,0,7
lò,6/8,76,0,6,0,0,0,0,8
mỡ,1/1,100,0,1,0,0,0,0,14
gò,2/6,34,0,2,0,0,0,0,9
mô,1/2,50,0,1,0,0,0,0,8
mỏ,1/2,50,0,1,0,0,0,0,6
tủ,5/8,63,0,4,1,0,0,0,10
hổ,3/3,100,0,3,0,0,0,0,7
bê,3/4,76,0,3,0,0,0,0,17
ẩm,4/6,67,0,4,0,0,0,0,14
a,5/8,63,0,5,0,0,0,0,13
ý,12/49,25,0,12,0,0,0,0,12
e,2/2,100,0,2,0,0,0,0,15
u,2/2,100,0,2,0,0,0,0,17
