distribution,8/15,54,0,8,0,0,0,0,6
electricity,7/10,70,0,7,0,0,0,0,6
corporation,6/23,27,0,6,0,0,0,0,7
department,51/135,38,0,6,40,5,0,0,8
government,9/36,26,0,6,3,0,0,0,4
laboratory,4/9,45,0,4,0,0,0,0,4
helicopter,3/4,76,0,3,0,0,0,0,6
lieutenant,5/5,100,0,5,0,0,0,0,5
dictionary,9/13,70,0,9,0,0,0,0,7
experiment,2/4,50,0,2,0,0,0,0,7
definition,7/7,100,0,7,0,0,0,0,10
deposition,2/4,50,0,2,0,0,0,0,4
automatic,1/4,26,0,1,0,0,0,0,4
breakfast,2/3,67,0,2,0,0,0,0,8
insurance,22/28,79,0,14,8,0,0,0,9
influenza,2/4,50,0,2,0,0,0,0,4
geography,2/5,40,0,2,0,0,0,0,5
converter,12/17,71,0,6,6,0,0,0,8
lightning,3/5,60,0,3,0,0,0,0,4
ballerina,1/1,100,0,1,0,0,0,0,7
bedspread,1/2,50,0,1,0,0,0,0,4
crocodile,4/6,67,0,4,0,0,0,0,9
chairman,1/2,50,0,1,0,0,0,0,4
military,1/2,50,0,1,0,0,0,0,4
daughter,1/1,100,0,1,0,0,0,0,10
identity,1/3,34,0,1,0,0,0,0,6
exchange,1/1,100,0,1,0,0,0,0,14
concrete,2/3,67,0,2,0,0,0,0,5
gasoline,2/5,40,0,2,0,0,0,0,6
industry,32/57,57,0,32,0,0,0,0,6
dressing,11/20,56,0,11,0,0,0,0,8
fountain,2/3,67,0,2,0,0,0,0,5
campaign,2/4,50,0,2,0,0,0,0,8
analysis,17/49,35,0,7,6,4,0,0,8
contract,21/46,46,0,20,1,0,0,0,8
detector,3/9,34,0,3,0,0,0,0,6
engineer,15/32,47,0,14,1,0,0,0,5
envelope,1/1,100,0,1,0,0,0,0,8
football,6/9,67,0,5,1,0,0,0,6
hysteria,1/3,34,0,1,0,0,0,0,6
century,1/2,50,0,1,0,0,0,0,8
brother,5/5,100,0,5,0,0,0,0,5
company,41/83,50,0,28,4,9,0,0,7
current,1/2,50,0,1,0,0,0,0,5
circuit,26/66,40,0,10,9,7,0,0,5
duchess,1/1,100,0,1,0,0,0,0,7
gravity,1/1,100,0,1,0,0,0,0,7
colonel,2/2,100,0,2,0,0,0,0,9
curtain,5/10,50,0,4,1,0,0,0,4
balance,2/3,67,0,2,0,0,0,0,7
haddock,2/4,50,0,2,0,0,0,0,5
express,1/1,100,0,1,0,0,0,0,5
economy,8/29,28,0,4,2,2,0,0,7
cyanide,1/3,34,0,1,0,0,0,0,7
blanket,3/6,50,0,3,0,0,0,0,5
dioxide,5/9,56,0,5,0,0,0,0,6
benefit,7/21,34,0,6,1,0,0,0,5
cushion,1/2,50,0,1,0,0,0,0,4
edition,2/3,67,0,2,0,0,0,0,7
hearing,3/4,76,0,3,0,0,0,0,9
cabinet,2/5,40,0,2,0,0,0,0,6
fantasy,2/8,26,0,2,0,0,0,0,4
compass,4/4,100,0,2,2,0,0,0,7
culture,11/24,46,0,8,3,0,0,0,12
gorilla,6/7,86,0,6,0,0,0,0,14
consent,1/1,100,0,1,0,0,0,0,9
costume,1/3,34,0,1,0,0,0,0,7
cricket,5/8,63,0,4,1,0,0,0,9
liberal,2/5,40,0,2,0,0,0,0,4
anxiety,2/7,29,0,2,0,0,0,0,4
moment,3/12,26,0,3,0,0,0,0,5
course,7/23,31,0,7,0,0,0,0,8
island,2/4,50,0,2,0,0,0,0,10
engine,31/72,44,0,7,4,17,3,0,8
making,4/5,80,0,4,0,0,0,0,5
clause,9/9,100,0,6,3,0,0,0,11
garden,13/28,47,0,12,1,0,0,0,5
family,4/7,58,0,4,0,0,0,0,8
coffee,12/25,48,0,12,0,0,0,0,6
letter,17/33,52,0,14,3,0,0,0,5
memory,2/6,34,0,2,0,0,0,0,6
master,1/1,100,0,1,0,0,0,0,4
bottle,14/53,27,0,12,1,1,0,0,4
branch,3/6,50,0,3,0,0,0,0,13
market,9/13,70,0,9,0,0,0,0,6
double,2/2,100,0,2,0,0,0,0,8
league,10/15,67,0,9,1,0,0,0,6
mirror,5/11,46,0,3,2,0,0,0,5
forest,5/11,46,0,3,2,0,0,0,5
glance,1/3,34,0,1,0,0,0,0,5
jacket,18/44,41,0,17,1,0,0,0,5
basket,6/15,40,0,4,2,0,0,0,4
button,2/2,100,0,2,0,0,0,0,6
chapel,2/3,67,0,2,0,0,0,0,4
circle,3/5,60,0,3,0,0,0,0,6
legend,1/1,100,0,1,0,0,0,0,10
lesson,10/10,100,0,5,5,0,0,0,7
driver,12/31,39,0,12,0,0,0,0,4
bridge,17/26,66,0,16,1,0,0,0,6
cellar,1/1,100,0,1,0,0,0,0,4
charge,1/1,100,0,1,0,0,0,0,8
factor,3/10,30,0,2,1,0,0,0,8
cesium,1/1,100,0,1,0,0,0,0,4
candle,2/6,34,0,2,0,0,0,0,4
center,7/26,27,0,5,2,0,0,0,6
cotton,3/3,100,0,3,0,0,0,0,12
bronze,6/8,76,0,6,0,0,0,0,7
bullet,2/5,40,0,2,0,0,0,0,6
buying,2/6,34,0,2,0,0,0,0,6
camera,13/15,87,0,12,1,0,0,0,8
immune,1/2,50,0,1,0,0,0,0,5
arcade,2/2,100,0,2,0,0,0,0,8
filter,8/24,34,0,7,1,0,0,0,5
monday,1/2,50,0,1,0,0,0,0,6
bucket,3/11,28,0,3,0,0,0,0,4
collar,7/14,50,0,7,0,0,0,0,4
jungle,1/1,100,0,1,0,0,0,0,10
buckle,1/1,100,0,1,0,0,0,0,6
butter,6/9,67,0,6,0,0,0,0,6
cheese,21/53,40,0,19,2,0,0,0,5
ballet,3/3,100,0,3,0,0,0,0,8
ending,1/4,26,0,1,0,0,0,0,7
manual,3/9,34,0,3,0,0,0,0,9
knight,5/11,46,0,5,0,0,0,0,9
house,33/85,39,0,26,5,1,1,0,5
black,4/6,67,0,4,0,0,0,0,4
leave,5/10,50,0,5,0,0,0,0,7
floor,3/7,43,0,3,0,0,0,0,5
glass,21/31,68,0,16,5,0,0,0,7
chair,31/48,65,0,17,13,1,0,0,7
court,36/51,71,0,30,4,2,0,0,11
green,14/19,74,0,14,0,0,0,0,5
board,15/23,66,0,12,3,0,0,0,10
brown,9/37,25,0,7,2,0,0,0,4
mouse,13/21,62,0,6,7,0,0,0,10
field,7/22,32,0,3,4,0,0,0,4
dream,1/2,50,0,1,0,0,0,0,5
brake,14/15,94,0,7,3,4,0,0,7
clock,13/17,77,0,11,2,0,0,0,7
blood,14/32,44,0,11,3,0,0,0,5
issue,5/6,84,0,5,0,0,0,0,10
image,6/14,43,0,5,1,0,0,0,8
bread,47/169,28,0,26,17,4,0,0,6
chest,2/3,67,0,2,0,0,0,0,4
lunch,1/1,100,0,1,0,0,0,0,9
check,10/21,48,0,10,0,0,0,0,8
horse,42/134,32,0,13,19,10,0,0,5
count,6/9,67,0,6,0,0,0,0,6
final,1/1,100,0,1,0,0,0,0,5
bench,3/10,30,0,3,0,0,0,0,4
madam,1/2,50,0,1,0,0,0,0,4
belly,1/2,50,0,1,0,0,0,0,5
angle,37/67,56,0,30,7,0,0,0,8
basin,4/16,26,0,4,0,0,0,0,4
match,4/6,67,0,4,0,0,0,0,5
chain,1/2,50,0,1,0,0,0,0,4
grass,177/480,37,0,74,68,25,10,0,9
brief,1/1,100,0,1,0,0,0,0,15
clerk,10/20,50,0,9,1,0,0,0,5
guest,4/4,100,0,4,0,0,0,0,7
knife,28/44,64,0,18,10,0,0,0,6
hedge,1/3,34,0,1,0,0,0,0,6
maser,1/1,100,0,1,0,0,0,0,5
lilac,6/14,43,0,6,0,0,0,0,11
chart,7/14,50,0,7,0,0,0,0,6
brass,10/19,53,0,7,3,0,0,0,8
marsh,1/1,100,0,1,0,0,0,0,5
alert,3/3,100,0,3,0,0,0,0,5
berry,27/37,73,0,26,1,0,0,0,6
grape,6/17,36,0,3,2,1,0,0,5
down,4/5,80,0,3,1,0,0,0,6
good,1/2,50,0,1,0,0,0,0,7
door,18/23,79,0,13,5,0,0,0,7
left,2/2,100,0,2,0,0,0,0,6
mind,2/7,29,0,2,0,0,0,0,7
body,17/31,55,0,4,4,9,0,0,6
home,2/2,100,0,2,0,0,0,0,13
call,11/12,92,0,9,2,0,0,0,8
blue,11/20,56,0,11,0,0,0,0,6
hour,3/3,100,0,3,0,0,0,0,7
bill,5/5,100,0,5,0,0,0,0,10
line,4/15,27,0,4,0,0,0,0,6
book,38/139,28,0,17,11,7,3,0,8
land,1/3,34,0,1,0,0,0,0,7
hold,8/27,30,0,3,5,0,0,0,6
meet,4/6,67,0,4,0,0,0,0,6
mean,3/6,50,0,3,0,0,0,0,10
cold,1/1,100,0,1,0,0,0,0,6
boat,39/98,40,0,26,11,2,0,0,5
mine,9/10,90,0,9,0,0,0,0,6
fine,1/1,100,0,1,0,0,0,0,8
lion,3/3,100,0,3,0,0,0,0,4
coat,25/84,30,0,16,9,0,0,0,6
belt,4/16,26,0,4,0,0,0,0,8
fire,12/17,71,0,8,4,0,0,0,6
hole,5/19,27,0,5,0,0,0,0,4
mass,12/22,55,0,12,0,0,0,0,9
deal,1/2,50,0,1,0,0,0,0,6
ball,34/44,78,0,31,3,0,0,0,6
foot,2/3,67,0,2,0,0,0,0,6
lamp,27/68,40,0,19,7,1,0,0,8
flat,2/4,50,0,2,0,0,0,0,8
date,2/5,40,0,2,0,0,0,0,6
coal,9/12,76,0,7,2,0,0,0,6
data,3/3,100,0,3,0,0,0,0,7
load,5/8,63,0,5,0,0,0,0,5
acid,177/198,90,0,93,40,8,23,8,10
iron,18/25,72,0,11,5,2,0,0,7
drop,2/2,100,0,2,0,0,0,0,4
hare,5/16,32,0,5,0,0,0,0,11
bear,14/34,42,0,9,5,0,0,0,10
base,5/6,84,0,5,0,0,0,0,6
jump,1/2,50,0,1,0,0,0,0,8
flag,9/37,25,0,9,0,0,0,0,6
hide,2/3,67,0,2,0,0,0,0,4
dust,2/3,67,0,2,0,0,0,0,8
kiss,3/6,50,0,3,0,0,0,0,4
bank,1/3,34,0,1,0,0,0,0,6
bell,12/15,80,0,11,1,0,0,0,7
crew,4/5,80,0,2,2,0,0,0,8
gate,8/16,50,0,8,0,0,0,0,5
host,1/1,100,0,1,0,0,0,0,4
bone,72/234,31,0,43,24,5,0,0,6
cook,4/11,37,0,3,1,0,0,0,4
bike,4/6,67,0,4,0,0,0,0,5
bomb,53/68,78,0,48,5,0,0,0,8
chin,1/2,50,0,1,0,0,0,0,6
heat,12/13,93,0,6,6,0,0,0,14
lock,7/11,64,0,7,0,0,0,0,7
beer,9/29,32,0,3,6,0,0,0,5
crab,24/35,69,0,15,9,0,0,0,11
card,14/57,25,0,6,8,0,0,0,4
gear,9/19,48,0,8,1,0,0,0,9
gray,10/23,44,0,10,0,0,0,0,7
joke,6/22,28,0,6,0,0,0,0,6
gang,1/3,34,0,1,0,0,0,0,5
jury,6/6,100,0,6,0,0,0,0,8
gown,6/10,60,0,6,0,0,0,0,6
milk,24/24,100,0,23,1,0,0,0,9
bars,2/2,100,0,2,0,0,0,0,12
mare,2/2,100,0,2,0,0,0,0,6
cage,2/4,50,0,2,0,0,0,0,6
fuse,2/4,50,0,2,0,0,0,0,8
golf,4/8,50,0,4,0,0,0,0,8
code,8/18,45,0,6,2,0,0,0,7
lace,3/5,60,0,3,0,0,0,0,6
kick,8/10,80,0,5,2,1,0,0,5
aunt,3/3,100,0,3,0,0,0,0,6
bite,2/2,100,0,2,0,0,0,0,5
cart,11/20,56,0,10,1,0,0,0,5
axle,5/6,84,0,3,1,1,0,0,5
bark,17/32,54,0,17,0,0,0,0,7
boot,15/21,72,0,14,1,0,0,0,6
comb,5/5,100,0,5,0,0,0,0,9
item,4/10,40,0,4,0,0,0,0,6
mask,2/4,50,0,2,0,0,0,0,5
boil,1/1,100,0,1,0,0,0,0,4
folk,3/11,28,0,3,0,0,0,0,6
frog,34/109,32,0,13,19,2,0,0,11
heir,4/6,67,0,4,0,0,0,0,8
can,6/8,76,0,6,0,0,0,0,5
day,5/16,32,0,3,2,0,0,0,6
bed,18/33,55,0,17,1,0,0,0,6
men,2/4,50,0,2,0,0,0,0,9
air,2/6,34,0,2,0,0,0,0,6
boy,9/25,36,0,9,0,0,0,0,6
car,21/76,28,0,19,2,0,0,0,6
law,28/38,74,0,21,6,1,0,0,10
map,6/13,47,0,6,0,0,0,0,8
eye,3/11,28,0,3,0,0,0,0,6
hat,27/74,37,0,23,4,0,0,0,6
cat,35/87,41,0,4,30,1,0,0,7
box,32/72,45,0,22,10,0,0,0,6
bag,47/91,52,0,36,11,0,0,0,6
bus,3/5,60,0,3,0,0,0,0,9
key,5/7,72,0,4,1,0,0,0,7
gin,3/5,60,0,3,0,0,0,0,6
fly,20/34,59,0,11,5,4,0,0,8
gun,35/130,27,0,10,7,4,2,5,8
cap,24/55,44,0,24,0,0,0,0,6
leg,5/15,34,0,5,0,0,0,0,6
cup,7/14,50,0,7,0,0,0,0,6
bee,18/26,70,0,11,7,0,0,0,10
fan,3/5,60,0,2,1,0,0,0,6
fog,2/6,34,0,2,0,0,0,0,5
ink,8/8,100,0,7,1,0,0,0,9
ash,2/2,100,0,2,0,0,0,0,5
ant,14/21,67,0,12,2,0,0,0,10
jam,1/2,50,0,1,0,0,0,0,15
lip,2/2,100,0,2,0,0,0,0,5
cod,1/2,50,0,1,0,0,0,0,5
fox,12/20,60,0,9,3,0,0,0,8
i,2/2,100,0,2,0,0,0,0,9
e,1/1,100,0,1,0,0,0,0,15
