a,0/0,N/A,0,0,0,0,0,0,N/A
in,0/0,N/A,0,0,0,0,0,0,N/A
it,0/0,N/A,0,0,0,0,0,0,N/A
i,2/2,100,0,2,0,0,0,0,9
he,0/0,N/A,0,0,0,0,0,0,N/A
is,19/430,5,0,11,6,1,1,0,5
as,0/0,N/A,0,0,0,0,0,0,N/A
at,0/0,N/A,0,0,0,0,0,0,N/A
had,0/220,0,0,0,0,0,0,0,4
be,0/0,N/A,0,0,0,0,0,0,N/A
by,0/0,N/A,0,0,0,0,0,0,N/A
have,0/14,0,0,0,0,0,0,0,6
but,0/0,N/A,0,0,0,0,0,0,N/A
all,0/0,N/A,0,0,0,0,0,0,N/A
are,0/0,N/A,0,0,0,0,0,0,N/A
me,0/0,N/A,0,0,0,0,0,0,N/A
an,0/0,N/A,0,0,0,0,0,0,N/A
been,0/430,0,0,0,0,0,0,0,3
about,0/0,N/A,0,0,0,0,0,0,N/A
like,0/0,N/A,0,0,0,0,0,0,N/A
do,0/0,N/A,0,0,0,0,0,0,N/A
its,0/0,N/A,0,0,0,0,0,0,N/A
has,0/0,N/A,0,0,0,0,0,0,N/A
can,6/8,76,0,6,0,0,0,0,5
go,0/0,N/A,0,0,0,0,0,0,N/A
little,0/0,N/A,0,0,0,0,0,0,N/A
down,4/5,80,0,3,1,0,0,0,6
more,0/0,N/A,0,0,0,0,0,0,N/A
back,0/0,N/A,0,0,0,0,0,0,N/A
just,0/0,N/A,0,0,0,0,0,0,N/A
did,0/5,0,0,0,0,0,0,0,7
even,0/1,0,0,0,0,0,0,0,8
know,0/0,N/A,0,0,0,0,0,0,N/A
come,0/1,0,0,0,0,0,0,0,0
here,0/0,N/A,0,0,0,0,0,0,N/A
first,0/1,0,0,0,0,0,0,0,1
again,0/0,N/A,0,0,0,0,0,0,N/A
any,0/0,N/A,0,0,0,0,0,0,N/A
get,0/0,N/A,0,0,0,0,0,0,N/A
before,0/0,N/A,0,0,0,0,0,0,N/A
after,0/0,N/A,0,0,0,0,0,0,N/A
buster,0/0,N/A,0,0,0,0,0,0,N/A
look,0/5,0,0,0,0,0,0,0,2
got,0/259,0,0,0,0,0,0,0,4
de,0/0,N/A,0,0,0,0,0,0,N/A
going,0/46,0,0,0,0,0,0,0,5
made,0/5,0,0,0,0,0,0,0,6
good,1/2,50,0,1,0,0,0,0,7
long,0/6,0,0,0,0,0,0,0,1
make,0/0,N/A,0,0,0,0,0,0,N/A
man,24/127,19,0,19,5,0,0,0,6
came,0/48,0,0,0,0,0,0,0,4
four,0/0,N/A,0,0,0,0,0,0,N/A
hand,2/9,23,0,2,0,0,0,0,4
between,0/0,N/A,0,0,0,0,0,0,N/A
achilles,0/0,N/A,0,0,0,0,0,0,N/A
much,0/0,N/A,0,0,0,0,0,0,N/A
century,1/2,50,0,1,0,0,0,0,8
head,2/8,26,0,1,1,0,0,0,3
eyes,0/0,N/A,0,0,0,0,0,0,N/A
face,2/9,23,0,0,2,0,0,0,4
another,0/0,N/A,0,0,0,0,0,0,N/A
away,0/0,N/A,0,0,0,0,0,0,N/A
day,5/16,32,0,3,2,0,0,0,6
great,0/0,N/A,0,0,0,0,0,0,N/A
end,6/52,12,0,5,1,0,0,0,6
last,0/0,N/A,0,0,0,0,0,0,N/A
house,33/85,39,0,26,5,1,1,0,5
life,0/1,0,0,0,0,0,0,0,2
door,18/23,79,0,13,5,0,0,0,7
left,2/2,100,0,2,0,0,0,0,6
moment,3/12,26,0,3,0,0,0,0,5
might,0/0,N/A,0,0,0,0,0,0,N/A
around,0/0,N/A,0,0,0,0,0,0,N/A
may,0/0,N/A,0,0,0,0,0,0,N/A
big,0/0,N/A,0,0,0,0,0,0,N/A
also,0/0,N/A,0,0,0,0,0,0,N/A
each,0/0,N/A,0,0,0,0,0,0,N/A
find,0/0,N/A,0,0,0,0,0,0,N/A
looked,0/37,0,0,0,0,0,0,0,2
always,0/0,N/A,0,0,0,0,0,0,N/A
most,0/0,N/A,0,0,0,0,0,0,N/A
light,15/63,24,0,15,0,0,0,0,5
found,0/0,N/A,0,0,0,0,0,0,N/A
many,0/0,N/A,0,0,0,0,0,0,N/A
few,0/0,N/A,0,0,0,0,0,0,N/A
being,0/105,0,0,0,0,0,0,0,5
lombard,0/0,N/A,0,0,0,0,0,0,N/A
europe,0/0,N/A,0,0,0,0,0,0,N/A
called,0/14,0,0,0,0,0,0,0,0
far,0/0,N/A,0,0,0,0,0,0,N/A
later,0/0,N/A,0,0,0,0,0,0,N/A
every,0/0,N/A,0,0,0,0,0,0,N/A
days,0/0,N/A,0,0,0,0,0,0,N/A
however,0/0,N/A,0,0,0,0,0,0,N/A
middle,0/26,0,0,0,0,0,0,0,6
girl,9/54,17,0,9,0,0,0,0,4
course,7/23,31,0,7,0,0,0,0,8
maritime,0/0,N/A,0,0,0,0,0,0,N/A
am,0/0,N/A,0,0,0,0,0,0,N/A
let,0/0,N/A,0,0,0,0,0,0,N/A
mind,2/7,29,0,2,0,0,0,0,7
both,0/0,N/A,0,0,0,0,0,0,N/A
island,2/4,50,0,2,0,0,0,0,10
large,0/0,N/A,0,0,0,0,0,0,N/A
chairman,1/2,50,0,1,0,0,0,0,4
e,1/1,100,0,1,0,0,0,0,15
give,0/0,N/A,0,0,0,0,0,0,N/A
hands,0/0,N/A,0,0,0,0,0,0,N/A
armstrong,0/0,N/A,0,0,0,0,0,0,N/A
behind,0/0,N/A,0,0,0,0,0,0,N/A
bed,18/33,55,0,17,1,0,0,0,6
european,0/233,0,0,0,0,0,0,0,0
high,0/0,N/A,0,0,0,0,0,0,N/A
knew,0/8,0,0,0,0,0,0,0,4
better,0/0,N/A,0,0,0,0,0,0,N/A
ever,0/0,N/A,0,0,0,0,0,0,N/A
mediterranean,0/1,0,0,0,0,0,0,0,1
almost,0/0,N/A,0,0,0,0,0,0,N/A
looking,0/34,0,0,0,0,0,0,0,1
gone,0/903,0,0,0,0,0,0,0,3
black,4/6,67,0,4,0,0,0,0,4
french,0/14,0,0,0,0,0,0,0,7
different,0/0,N/A,0,0,0,0,0,0,N/A
done,0/5,0,0,0,0,0,0,0,6
already,0/0,N/A,0,0,0,0,0,0,N/A
eighty,0/0,N/A,0,0,0,0,0,0,N/A
la,0/0,N/A,0,0,0,0,0,0,N/A
half,0/3,0,0,0,0,0,0,0,5
began,0/21,0,0,0,0,0,0,0,4
front,1/2,50,0,1,0,0,0,0,2
men,2/4,50,0,2,0,0,0,0,9
five,0/0,N/A,0,0,0,0,0,0,N/A
coming,0/10,0,0,0,0,0,0,0,3
enough,0/1,0,0,0,0,0,0,0,2
heard,0/5,0,0,0,0,0,0,0,1
leave,5/10,50,0,5,0,0,0,0,7
happened,0/68,0,0,0,0,0,0,0,1
hear,1/5,20,0,1,0,0,0,0,2
air,2/6,34,0,2,0,0,0,0,6
feel,0/0,N/A,0,0,0,0,0,0,N/A
hair,12/106,12,0,9,2,1,0,0,4
keep,0/7,0,0,0,0,0,0,0,8
case,0/6,0,0,0,0,0,0,0,3
certain,0/0,N/A,0,0,0,0,0,0,N/A
body,17/31,55,0,4,4,9,0,0,6
comes,0/1,0,0,0,0,0,0,0,1
along,0/0,N/A,0,0,0,0,0,0,N/A
liza,0/0,N/A,0,0,0,0,0,0,N/A
example,0/13,0,0,0,0,0,0,0,3
less,0/0,N/A,0,0,0,0,0,0,N/A
children,0/53,0,0,0,0,0,0,0,2
morning,0/0,N/A,0,0,0,0,0,0,N/A
fact,2/26,8,0,1,1,0,0,0,6
general,0/4,0,0,0,0,0,0,0,9
marine,0/0,N/A,0,0,0,0,0,0,N/A
france,0/0,N/A,0,0,0,0,0,0,N/A
louis,0/0,N/A,0,0,0,0,0,0,N/A
ask,0/3,0,0,0,0,0,0,0,5
gave,0/9,0,0,0,0,0,0,0,3
heart,0/0,N/A,0,0,0,0,0,0,N/A
help,4/89,5,0,2,2,0,0,0,6
brought,0/23,0,0,0,0,0,0,0,0
beginning,0/84,0,0,0,0,0,0,0,2
does,0/0,N/A,0,0,0,0,0,0,N/A
felt,0/0,N/A,0,0,0,0,0,0,N/A
floor,3/7,43,0,3,0,0,0,0,5
above,0/0,N/A,0,0,0,0,0,0,N/A
full,0/1,0,0,0,0,0,0,0,8
death,4/17,24,0,3,1,0,0,0,5
home,2/2,100,0,2,0,0,0,0,13
jean,0/2,0,0,0,0,0,0,0,2
kind,0/53,0,0,0,0,0,0,0,8
able,0/0,N/A,0,0,0,0,0,0,N/A
glass,21/31,68,0,16,5,0,0,0,7
idea,5/934,1,0,3,2,0,0,0,9
committee,8/59,14,0,8,0,0,0,0,9
goes,0/0,N/A,0,0,0,0,0,0,N/A
become,0/10,0,0,0,0,0,0,0,0
known,0/8,0,0,0,0,0,0,0,3
change,3/279,2,0,1,2,0,0,0,5
asked,0/3,0,0,0,0,0,0,0,3
became,0/10,0,0,0,0,0,0,0,0
matter,0/1,0,0,0,0,0,0,0,0
miss,0/54,0,0,0,0,0,0,0,4
given,0/0,N/A,0,0,0,0,0,0,N/A
love,4/24,17,0,4,0,0,0,0,5
call,11/12,92,0,9,2,0,0,0,8
close,0/0,N/A,0,0,0,0,0,0,N/A
blue,11/20,56,0,11,0,0,0,0,6
level,1/91,2,0,1,0,0,0,0,5
having,0/220,0,0,0,0,0,0,0,1
low,0/0,N/A,0,0,0,0,0,0,N/A
doing,0/5,0,0,0,0,0,0,0,5
english,0/36,0,0,0,0,0,0,0,6
inside,0/4,0,0,0,0,0,0,0,1
king,0/4,0,0,0,0,0,0,0,14
dark,2/25,8,0,2,0,0,0,0,5
hour,3/3,100,0,3,0,0,0,0,7
le,0/0,N/A,0,0,0,0,0,0,N/A
atlantic,0/0,N/A,0,0,0,0,0,0,N/A
bill,5/5,100,0,5,0,0,0,0,10
except,0/0,N/A,0,0,0,0,0,0,N/A
cut,0/2,0,0,0,0,0,0,0,5
believe,4/20,20,0,2,1,1,0,0,1
bit,0/0,N/A,0,0,0,0,0,0,N/A
disney,0/0,N/A,0,0,0,0,0,0,N/A
hours,0/20,0,0,0,0,0,0,0,4
line,4/15,27,0,4,0,0,0,0,6
captain,0/0,N/A,0,0,0,0,0,0,N/A
minutes,0/2,0,0,0,0,0,0,0,7
dead,0/1,0,0,0,0,0,0,0,2
least,0/0,N/A,0,0,0,0,0,0,N/A
arm,0/0,N/A,0,0,0,0,0,0,N/A
engine,31/72,44,0,7,4,17,3,0,8
human,5/27,19,0,5,0,0,0,0,7
mouth,0/6,0,0,0,0,0,0,0,0
brent,0/2,0,0,0,0,0,0,0,12
either,0/0,N/A,0,0,0,0,0,0,N/A
metro,0/0,N/A,0,0,0,0,0,0,N/A
book,38/139,28,0,17,11,7,3,0,8
land,1/3,34,0,1,0,0,0,0,7
best,0/0,N/A,0,0,0,0,0,0,N/A
bring,2/23,9,0,1,1,0,0,0,2
getting,0/92,0,0,0,0,0,0,0,4
brother,5/5,100,0,5,0,0,0,0,5
feet,0/3,0,0,0,0,0,0,0,6
friend,3/37,9,0,3,0,0,0,0,2
control,0/17,0,0,0,0,0,0,0,3
hold,8/27,30,0,3,5,0,0,0,6
looks,0/5,0,0,0,0,0,0,0,1
child,6/53,12,0,6,0,0,0,0,5
longer,0/0,N/A,0,0,0,0,0,0,N/A
main,0/0,N/A,0,0,0,0,0,0,N/A
arms,0/141,0,0,0,0,0,0,0,7
across,0/0,N/A,0,0,0,0,0,0,N/A
film,5/37,14,0,5,0,0,0,0,7
minute,0/0,N/A,0,0,0,0,0,0,N/A
city,0/3,0,0,0,0,0,0,0,12
earth,0/0,N/A,0,0,0,0,0,0,N/A
making,4/5,80,0,4,0,0,0,0,5
meet,4/6,67,0,4,0,0,0,0,6
answer,0/2,0,0,0,0,0,0,0,2
history,0/0,N/A,0,0,0,0,0,0,N/A
italian,0/20,0,0,0,0,0,0,0,1
england,0/0,N/A,0,0,0,0,0,0,N/A
gillies,0/0,N/A,0,0,0,0,0,0,N/A
lot,0/5,0,0,0,0,0,0,0,4
alone,0/0,N/A,0,0,0,0,0,0,N/A
mean,3/6,50,0,3,0,0,0,0,10
fishing,2/11,19,0,0,2,0,0,0,2
lost,0/0,N/A,0,0,0,0,0,0,N/A
clause,9/9,100,0,6,3,0,0,0,11
important,0/0,N/A,0,0,0,0,0,0,N/A
move,0/44,0,0,0,0,0,0,0,6
boy,9/25,36,0,9,0,0,0,0,6
held,0/38,0,0,0,0,0,0,0,4
beyond,0/0,N/A,0,0,0,0,0,0,N/A
des,0/0,N/A,0,0,0,0,0,0,N/A
mother,2/18,12,0,2,0,0,0,0,1
ago,0/0,N/A,0,0,0,0,0,0,N/A
early,0/0,N/A,0,0,0,0,0,0,N/A
feeling,5/883,1,0,1,1,1,2,0,3
hello,0/0,N/A,0,0,0,0,0,0,N/A
late,0/0,N/A,0,0,0,0,0,0,N/A
age,9/39,24,0,7,2,0,0,0,8
act,4/45,9,0,1,3,0,0,0,9
car,21/76,28,0,19,2,0,0,0,6
deep,0/0,N/A,0,0,0,0,0,0,N/A
fall,0/0,N/A,0,0,0,0,0,0,N/A
law,28/38,74,0,21,6,1,0,0,10
appeared,0/32,0,0,0,0,0,0,0,2
distance,3/46,7,0,3,0,0,0,0,1
hope,0/0,N/A,0,0,0,0,0,0,N/A
exactly,0/0,N/A,0,0,0,0,0,0,N/A
maybe,0/0,N/A,0,0,0,0,0,0,N/A
garden,13/28,47,0,12,1,0,0,0,5
greece,0/0,N/A,0,0,0,0,0,0,N/A
living,0/0,N/A,0,0,0,0,0,0,N/A
beautiful,0/0,N/A,0,0,0,0,0,0,N/A
character,0/0,N/A,0,0,0,0,0,0,N/A
company,41/83,50,0,28,4,9,0,0,7
following,0/3,0,0,0,0,0,0,0,2
justice,0/6,0,0,0,0,0,0,0,4
meeting,6/28,22,0,6,0,0,0,0,5
added,0/43,0,0,0,0,0,0,0,3
evening,0/1,0,0,0,0,0,0,0,5
hard,0/0,N/A,0,0,0,0,0,0,N/A
kept,0/38,0,0,0,0,0,0,0,4
carried,0/47,0,0,0,0,0,0,0,0
birth,0/1,0,0,0,0,0,0,0,1
business,5/136,4,0,2,1,1,1,0,5
clear,0/0,N/A,0,0,0,0,0,0,N/A
makes,0/0,N/A,0,0,0,0,0,0,N/A
afraid,0/0,N/A,0,0,0,0,0,0,N/A
centre,0/0,N/A,0,0,0,0,0,0,N/A
certainly,0/0,N/A,0,0,0,0,0,0,N/A
cold,1/1,100,0,1,0,0,0,0,6
future,0/5,0,0,0,0,0,0,0,3
ground,0/54,0,0,0,0,0,0,0,3
members,0/40,0,0,0,0,0,0,0,3
dear,0/0,N/A,0,0,0,0,0,0,N/A
father,1/10,10,0,1,0,0,0,0,0
followed,0/13,0,0,0,0,0,0,0,0
further,0/0,N/A,0,0,0,0,0,0,N/A
judge,1/17,6,0,1,0,0,0,0,5
boat,39/98,40,0,26,11,2,0,0,5
care,15/219,7,0,9,1,5,0,0,9
common,0/5,0,0,0,0,0,0,0,6
free,0/0,N/A,0,0,0,0,0,0,N/A
london,0/0,N/A,0,0,0,0,0,0,N/A
met,0/4,0,0,0,0,0,0,0,5
changed,0/3030,0,0,0,0,0,0,0,1
direction,2/11,19,0,2,0,0,0,0,0
drink,0/38,0,0,0,0,0,0,0,4
mine,9/10,90,0,9,0,0,0,0,6
moving,0/903,0,0,0,0,0,0,0,1
heavy,0/0,N/A,0,0,0,0,0,0,N/A
built,0/20,0,0,0,0,0,0,0,3
cell,0/0,N/A,0,0,0,0,0,0,N/A
moscow,0/0,N/A,0,0,0,0,0,0,N/A
moved,0/903,0,0,0,0,0,0,0,2
corner,0/0,N/A,0,0,0,0,0,0,N/A
family,4/7,58,0,4,0,0,0,0,8
fine,1/1,100,0,1,0,0,0,0,8
jensen,0/0,N/A,0,0,0,0,0,0,N/A
map,6/13,47,0,6,0,0,0,0,8
coffee,12/25,48,0,12,0,0,0,0,6
eye,3/11,28,0,3,0,0,0,0,6
happen,3/68,5,0,2,1,0,0,0,1
athens,0/0,N/A,0,0,0,0,0,0,N/A
group,43/14646,1,0,4,6,14,7,8,8
bad,0/40,0,0,0,0,0,0,0,9
chair,31/48,65,0,17,13,1,0,0,7
hundred,0/0,N/A,0,0,0,0,0,0,N/A
money,1/48,3,0,1,0,0,0,0,4
country,3/23,14,0,3,0,0,0,0,5
energy,22/189,12,0,15,5,2,0,0,6
live,1/32,4,0,1,0,0,0,0,4
actually,0/0,N/A,0,0,0,0,0,0,N/A
court,36/51,71,0,30,4,2,0,0,11
fear,0/49,0,0,0,0,0,0,0,5
form,3/19,16,0,3,0,0,0,0,5
friends,0/37,0,0,0,0,0,0,0,1
forgotten,0/4,0,0,0,0,0,0,0,1
area,5/145,4,0,5,0,0,0,0,6
dress,7/33,22,0,5,2,0,0,0,4
indeed,0/0,N/A,0,0,0,0,0,0,N/A
lion,3/3,100,0,3,0,0,0,0,4
mad,0/0,N/A,0,0,0,0,0,0,N/A
means,0/23,0,0,0,0,0,0,0,4
centuries,0/2,0,0,0,0,0,0,0,6
easy,0/0,N/A,0,0,0,0,0,0,N/A
enormous,0/0,N/A,0,0,0,0,0,0,N/A
green,14/19,74,0,14,0,0,0,0,5
menhirs,0/0,N/A,0,0,0,0,0,0,N/A
ages,0/39,0,0,0,0,0,0,0,7
below,0/0,N/A,0,0,0,0,0,0,N/A
died,0/14,0,0,0,0,0,0,0,3
art,18/162,12,0,6,9,1,2,0,7
according,0/3,0,0,0,0,0,0,0,3
board,15/23,66,0,12,3,0,0,0,10
especially,0/0,N/A,0,0,0,0,0,0,N/A
closed,0/15,0,0,0,0,0,0,0,0
east,0/0,N/A,0,0,0,0,0,0,N/A
kitchen,1/7,15,0,1,0,0,0,0,2
knows,0/0,N/A,0,0,0,0,0,0,N/A
lips,0/2,0,0,0,0,0,0,0,4
clothes,0/7,0,0,0,0,0,0,0,0
feature,3/41,8,0,3,0,0,0,0,6
force,0/5,0,0,0,0,0,0,0,3
frequency,14/33,43,0,4,10,0,0,0,3
hardly,0/0,N/A,0,0,0,0,0,0,N/A
instead,0/0,N/A,0,0,0,0,0,0,N/A
letter,17/33,52,0,14,3,0,0,0,5
american,0/120,0,0,0,0,0,0,0,3
coat,25/84,30,0,16,9,0,0,0,6
famous,0/0,N/A,0,0,0,0,0,0,N/A
ha,0/0,N/A,0,0,0,0,0,0,N/A
holding,1/3,34,0,1,0,0,0,0,1
islands,0/4,0,0,0,0,0,0,0,9
job,1/384,1,0,0,1,0,0,0,9
military,1/2,50,0,1,0,0,0,0,4
months,0/111,0,0,0,0,0,0,0,2
caught,0/0,N/A,0,0,0,0,0,0,N/A
covered,0/239,0,0,0,0,0,0,0,0
doctor,11/99,12,0,0,11,0,0,0,6
fingers,0/11,0,0,0,0,0,0,0,2
german,0/12,0,0,0,0,0,0,0,2
lay,0/1,0,0,0,0,0,0,0,7
begin,0/0,N/A,0,0,0,0,0,0,N/A
brown,9/37,25,0,7,2,0,0,0,4
building,10/459,3,0,8,2,0,0,0,2
church,0/27,0,0,0,0,0,0,0,11
fell,0/3,0,0,0,0,0,0,0,4
john,0/19,0,0,0,0,0,0,0,6
leaving,0/46,0,0,0,0,0,0,0,3
born,0/0,N/A,0,0,0,0,0,0,N/A
completely,0/0,N/A,0,0,0,0,0,0,N/A
cried,0/24,0,0,0,0,0,0,0,1
difficult,0/0,N/A,0,0,0,0,0,0,N/A
evidence,1/783,1,0,1,0,0,0,0,5
impossible,0/0,N/A,0,0,0,0,0,0,N/A
memory,2/6,34,0,2,0,0,0,0,6
effects,0/0,N/A,0,0,0,0,0,0,N/A
event,20/11206,1,0,3,5,2,4,4,5
lie,1/14,8,0,1,0,0,0,0,7
continued,0/4,0,0,0,0,0,0,0,3
earlier,0/0,N/A,0,0,0,0,0,0,N/A
hall,0/1,0,0,0,0,0,0,0,6
hat,27/74,37,0,23,4,0,0,0,6
information,7/305,3,0,4,2,0,1,0,0
lady,0/1,0,0,0,0,0,0,0,2
listen,2/17,12,0,2,0,0,0,0,1
march,0/0,N/A,0,0,0,0,0,0,N/A
motion,0/51,0,0,0,0,0,0,0,2
arrived,0/37,0,0,0,0,0,0,0,0
baltic,0/0,N/A,0,0,0,0,0,0,N/A
belt,4/16,26,0,4,0,0,0,0,8
class,4/127,4,0,1,2,1,0,0,8
coasts,0/8,0,0,0,0,0,0,0,2
finally,0/0,N/A,0,0,0,0,0,0,N/A
knowledge,10/4785,1,0,2,6,1,0,1,3
leaves,0/83,0,0,0,0,0,0,0,6
asks,0/3,0,0,0,0,0,0,0,4
chance,0/40,0,0,0,0,0,0,0,4
doubt,0/19,0,0,0,0,0,0,0,6
forget,0/4,0,0,0,0,0,0,0,2
girls,0/54,0,0,0,0,0,0,0,3
immediately,0/0,N/A,0,0,0,0,0,0,N/A
married,0/0,N/A,0,0,0,0,0,0,N/A
charles,0/0,N/A,0,0,0,0,0,0,N/A
construction,1/14,8,0,1,0,0,0,0,1
dressed,0/46,0,0,0,0,0,0,0,0
eat,1/43,3,0,1,0,0,0,0,4
euro,0/0,N/A,0,0,0,0,0,0,N/A
finished,0/48,0,0,0,0,0,0,0,1
fire,12/17,71,0,8,4,0,0,0,6
grand,0/1,0,0,0,0,0,0,0,5
houses,0/85,0,0,0,0,0,0,0,4
lived,0/32,0,0,0,0,0,0,0,3
ancient,0/0,N/A,0,0,0,0,0,0,N/A
books,0/139,0,0,0,0,0,0,0,7
breath,2/21,10,0,2,0,0,0,0,2
entrance,5/30,17,0,2,0,3,0,0,2
fifteenth,0/0,N/A,0,0,0,0,0,0,N/A
frame,0/1,0,0,0,0,0,0,0,1
master,1/1,100,0,1,0,0,0,0,4
mountains,0/5,0,0,0,0,0,0,0,3
atoms,0/17,0,0,0,0,0,0,0,6
conversation,1/63,2,0,1,0,0,0,0,2
countries,0/23,0,0,0,0,0,0,0,3
cover,0/4,0,0,0,0,0,0,0,4
forward,0/0,N/A,0,0,0,0,0,0,N/A
ministry,0/0,N/A,0,0,0,0,0,0,N/A
attention,1/15,7,0,1,0,0,0,0,0
aware,0/0,N/A,0,0,0,0,0,0,N/A
boys,0/25,0,0,0,0,0,0,0,5
british,0/0,N/A,0,0,0,0,0,0,N/A
dutch,0/1,0,0,0,0,0,0,0,3
eight,0/0,N/A,0,0,0,0,0,0,N/A
empty,0/0,N/A,0,0,0,0,0,0,N/A
food,30/2231,2,0,5,19,5,0,0,6
gets,0/0,N/A,0,0,0,0,0,0,N/A
god,0/0,N/A,0,0,0,0,0,0,N/A
modern,0/0,N/A,0,0,0,0,0,0,N/A
buy,0/2,0,0,0,0,0,0,0,7
calculus,3/13,24,0,3,0,0,0,0,4
cat,35/87,41,0,4,30,1,0,0,7
central,0/4,0,0,0,0,0,0,0,3
conditions,0/0,N/A,0,0,0,0,0,0,N/A
curious,0/0,N/A,0,0,0,0,0,0,N/A
daphne,1/8,13,0,1,0,0,0,0,8
director,0/3,0,0,0,0,0,0,0,5
effort,0/152,0,0,0,0,0,0,0,5
health,0/0,N/A,0,0,0,0,0,0,N/A
interest,0/19,0,0,0,0,0,0,0,2
coast,0/8,0,0,0,0,0,0,0,3
disneyland,0/0,N/A,0,0,0,0,0,0,N/A
effect,10/44,23,0,10,0,0,0,0,5
lives,0/1,0,0,0,0,0,0,0,1
member,6/40,16,0,6,0,0,0,0,4
million,0/0,N/A,0,0,0,0,0,0,N/A
mouse,13/21,62,0,6,7,0,0,0,10
afternoon,0/0,N/A,0,0,0,0,0,0,N/A
bar,1/5,20,0,1,0,0,0,0,9
boots,0/21,0,0,0,0,0,0,0,5
dangerous,0/0,N/A,0,0,0,0,0,0,N/A
horror,0/0,N/A,0,0,0,0,0,0,N/A
inc,0/0,N/A,0,0,0,0,0,0,N/A
lying,0/2,0,0,0,0,0,0,0,3
anyway,0/0,N/A,0,0,0,0,0,0,N/A
danger,1/10,10,0,1,0,0,0,0,7
fiancee,0/0,N/A,0,0,0,0,0,0,N/A
fish,261/1169,23,0,7,6,26,63,80,9
catch,0/0,N/A,0,0,0,0,0,0,N/A
die,0/7,0,0,0,0,0,0,0,4
difference,0/43,0,0,0,0,0,0,0,1
greek,0/22,0,0,0,0,0,0,0,5
agreed,0/67,0,0,0,0,0,0,0,2
boats,0/98,0,0,0,0,0,0,0,4
chapter,0/0,N/A,0,0,0,0,0,0,N/A
dad,0/0,N/A,0,0,0,0,0,0,N/A
exist,3/33,10,0,2,1,0,0,0,3
field,7/22,32,0,3,4,0,0,0,4
hole,5/19,27,0,5,0,0,0,0,4
imagine,0/24,0,0,0,0,0,0,0,1
international,0/0,N/A,0,0,0,0,0,0,N/A
agree,0/67,0,0,0,0,0,0,0,3
alive,0/0,N/A,0,0,0,0,0,0,N/A
appearance,0/220,0,0,0,0,0,0,0,0
bottle,14/53,27,0,12,1,1,0,0,4
box,32/72,45,0,22,10,0,0,0,6
bulb,2/5,40,0,2,0,0,0,0,3
carry,1/6,17,0,1,0,0,0,0,5
channel,0/0,N/A,0,0,0,0,0,0,N/A
dream,1/2,50,0,1,0,0,0,0,5
follow,0/13,0,0,0,0,0,0,0,2
gold,0/0,N/A,0,0,0,0,0,0,N/A
hubble,0/0,N/A,0,0,0,0,0,0,N/A
mass,12/22,55,0,12,0,0,0,0,9
merely,0/0,N/A,0,0,0,0,0,0,N/A
miles,0/0,N/A,0,0,0,0,0,0,N/A
mock,0/0,N/A,0,0,0,0,0,0,N/A
movement,3/260,2,0,3,0,0,0,0,0
brake,14/15,94,0,7,3,4,0,0,7
cause,0/17,0,0,0,0,0,0,0,8
clean,0/0,N/A,0,0,0,0,0,0,N/A
clock,13/17,77,0,11,2,0,0,0,7
couple,0/1,0,0,0,0,0,0,0,12
dance,0/2,0,0,0,0,0,0,0,6
economic,0/0,N/A,0,0,0,0,0,0,N/A
figure,0/0,N/A,0,0,0,0,0,0,N/A
hatter,0/0,N/A,0,0,0,0,0,0,N/A
hotel,3/30,10,0,3,0,0,0,0,4
appear,0/32,0,0,0,0,0,0,0,0
believed,0/20,0,0,0,0,0,0,0,2
broken,0/8,0,0,0,0,0,0,0,2
complete,1/48,3,0,0,1,0,0,0,1
er,0/0,N/A,0,0,0,0,0,0,N/A
filled,0/74,0,0,0,0,0,0,0,1
gallery,0/0,N/A,0,0,0,0,0,0,N/A
generation,1/19,6,0,0,0,1,0,0,1
gentlemen,0/3,0,0,0,0,0,0,0,1
guard,3/32,10,0,2,1,0,0,0,5
inspired,0/30,0,0,0,0,0,0,0,0
asleep,0/0,N/A,0,0,0,0,0,0,N/A
eighteenth,0/0,N/A,0,0,0,0,0,0,N/A
faces,0/9,0,0,0,0,0,0,0,3
genoa,0/0,N/A,0,0,0,0,0,0,N/A
gryphon,0/0,N/A,0,0,0,0,0,0,N/A
happy,0/0,N/A,0,0,0,0,0,0,N/A
ii,0/16,0,0,0,0,0,0,0,4
june,0/0,N/A,0,0,0,0,0,0,N/A
metres,0/0,N/A,0,0,0,0,0,0,N/A
angus,0/0,N/A,0,0,0,0,0,0,N/A
bought,0/14,0,0,0,0,0,0,0,2
branch,3/6,50,0,3,0,0,0,0,13
colour,8/257,4,0,0,3,4,1,0,5
damage,0/10,0,0,0,0,0,0,0,1
deal,1/2,50,0,1,0,0,0,0,6
distant,0/0,N/A,0,0,0,0,0,0,N/A
drive,0/4,0,0,0,0,0,0,0,3
genoese,0/0,N/A,0,0,0,0,0,0,N/A
gives,0/0,N/A,0,0,0,0,0,0,N/A
importance,0/32,0,0,0,0,0,0,0,1
laugh,2/15,14,0,2,0,0,0,0,3
learn,2/24,9,0,1,1,0,0,0,2
les,0/0,N/A,0,0,0,0,0,0,N/A
macarthur,0/0,N/A,0,0,0,0,0,0,N/A
activity,9/5223,1,0,3,2,2,2,0,3
bag,47/91,52,0,36,11,0,0,0,6
ball,34/44,78,0,31,3,0,0,0,6
compartment,0/8,0,0,0,0,0,0,0,2
crazy,0/0,N/A,0,0,0,0,0,0,N/A
current,1/2,50,0,1,0,0,0,0,5
despite,0/0,N/A,0,0,0,0,0,0,N/A
killed,0/93,0,0,0,0,0,0,0,2
led,0/2,0,0,0,0,0,0,0,13
mark,0/5,0,0,0,0,0,0,0,5
meant,0/22,0,0,0,0,0,0,0,2
ahead,0/0,N/A,0,0,0,0,0,0,N/A
amount,0/100,0,0,0,0,0,0,0,5
changes,0/279,0,0,0,0,0,0,0,4
corridor,0/4,0,0,0,0,0,0,0,1
cross,0/0,N/A,0,0,0,0,0,0,N/A
foot,2/3,67,0,2,0,0,0,0,6
fourteenth,0/0,N/A,0,0,0,0,0,0,N/A
huge,0/0,N/A,0,0,0,0,0,0,N/A
hurry,0/0,N/A,0,0,0,0,0,0,N/A
lamp,27/68,40,0,19,7,1,0,0,8
army,1/9,12,0,1,0,0,0,0,8
baby,7/32,22,0,4,3,0,0,0,8
clocks,0/0,N/A,0,0,0,0,0,0,N/A
coastal,0/0,N/A,0,0,0,0,0,0,N/A
cost,20/362,6,0,11,6,1,1,1,8
entire,0/2,0,0,0,0,0,0,0,1
fishermen,0/3,0,0,0,0,0,0,0,2
fresh,0/0,N/A,0,0,0,0,0,0,N/A
lucky,0/0,N/A,0,0,0,0,0,0,N/A
market,9/13,70,0,9,0,0,0,0,6
afterwards,0/0,N/A,0,0,0,0,0,0,N/A
anthony,0/0,N/A,0,0,0,0,0,0,N/A
bottom,0/19,0,0,0,0,0,0,0,3
carefully,0/0,N/A,0,0,0,0,0,0,N/A
crowd,0/18,0,0,0,0,0,0,0,1
december,0/0,N/A,0,0,0,0,0,0,N/A
development,1/12,9,0,1,0,0,0,0,0
due,0/0,N/A,0,0,0,0,0,0,N/A
ears,0/0,N/A,0,0,0,0,0,0,N/A
escape,0/36,0,0,0,0,0,0,0,3
fellow,0/1,0,0,0,0,0,0,0,2
foreign,0/0,N/A,0,0,0,0,0,0,N/A
fuel,4/82,5,0,4,0,0,0,0,5
lies,0/14,0,0,0,0,0,0,0,6
magic,2/22,10,0,2,0,0,0,0,4
based,0/1,0,0,0,0,0,0,0,1
blood,14/32,44,0,11,3,0,0,0,5
chief,3/110,3,0,0,0,0,3,0,11
department,51/135,38,0,6,40,5,0,0,8
drawing,0/1,0,0,0,0,0,0,0,1
figures,0/0,N/A,0,0,0,0,0,0,N/A
funny,0/0,N/A,0,0,0,0,0,0,N/A
journey,1/71,2,0,1,0,0,0,0,2
legs,0/0,N/A,0,0,0,0,0,0,N/A
managed,0/0,N/A,0,0,0,0,0,0,N/A
chinese,0/20,0,0,0,0,0,0,0,3
constant,0/3,0,0,0,0,0,0,0,8
explain,1/73,2,0,0,1,0,0,0,2
fast,0/4,0,0,0,0,0,0,0,4
freedom,2/37,6,0,2,0,0,0,0,4
inner,0/0,N/A,0,0,0,0,0,0,N/A
knees,0/0,N/A,0,0,0,0,0,0,N/A
lead,0/0,N/A,0,0,0,0,0,0,N/A
apart,0/0,N/A,0,0,0,0,0,0,N/A
bus,3/5,60,0,3,0,0,0,0,9
ceiling,0/1,0,0,0,0,0,0,0,1
double,2/2,100,0,2,0,0,0,0,8
driving,0/0,N/A,0,0,0,0,0,0,N/A
faint,0/0,N/A,0,0,0,0,0,0,N/A
fair,0/0,N/A,0,0,0,0,0,0,N/A
grey,0/0,N/A,0,0,0,0,0,0,N/A
hot,0/0,N/A,0,0,0,0,0,0,N/A
interior,0/4,0,0,0,0,0,0,0,1
laughing,0/18,0,0,0,0,0,0,0,0
levels,0/91,0,0,0,0,0,0,0,4
lower,0/0,N/A,0,0,0,0,0,0,N/A
cafe,1/6,17,0,1,0,0,0,0,5
continent,0/0,N/A,0,0,0,0,0,0,N/A
crossed,0/11,0,0,0,0,0,0,0,1
decided,0/112,0,0,0,0,0,0,0,0
designed,0/4,0,0,0,0,0,0,0,2
dry,0/0,N/A,0,0,0,0,0,0,N/A
flat,2/4,50,0,2,0,0,0,0,8
franco,0/0,N/A,0,0,0,0,0,0,N/A
holds,0/27,0,0,0,0,0,0,0,5
lake,3/20,16,0,3,0,0,0,0,4
louvre,0/0,N/A,0,0,0,0,0,0,N/A
mariners,0/35,0,0,0,0,0,0,0,1
marseille,0/0,N/A,0,0,0,0,0,0,N/A
model,0/14,0,0,0,0,0,0,0,10
moon,0/0,N/A,0,0,0,0,0,0,N/A
absolute,0/0,N/A,0,0,0,0,0,0,N/A
animated,0/30,0,0,0,0,0,0,0,0
asking,0/84,0,0,0,0,0,0,0,4
atomic,0/0,N/A,0,0,0,0,0,0,N/A
attack,8/105,8,0,5,2,1,0,0,6
bent,0/0,N/A,0,0,0,0,0,0,N/A
bodies,0/31,0,0,0,0,0,0,0,4
bruges,0/0,N/A,0,0,0,0,0,0,N/A
careful,0/0,N/A,0,0,0,0,0,0,N/A
contact,1/3,34,0,1,0,0,0,0,2
daughter,1/1,100,0,1,0,0,0,0,10
easily,0/0,N/A,0,0,0,0,0,0,N/A
enemy,0/0,N/A,0,0,0,0,0,0,N/A
groups,0/14646,0,0,0,0,0,0,0,7
key,5/7,72,0,4,1,0,0,0,7
laid,0/327,0,0,0,0,0,0,0,3
league,10/15,67,0,9,1,0,0,0,6
mention,0/3,0,0,0,0,0,0,0,5
merchants,0/110,0,0,0,0,0,0,0,1
allow,0/1,0,0,0,0,0,0,0,1
appears,0/32,0,0,0,0,0,0,0,1
break,0/20,0,0,0,0,0,0,0,6
broke,0/8,0,0,0,0,0,0,0,3
champagne,0/0,N/A,0,0,0,0,0,0,N/A
circuit,26/66,40,0,10,9,7,0,0,5
clearly,0/0,N/A,0,0,0,0,0,0,N/A
courage,1/41,3,0,1,0,0,0,0,2
date,2/5,40,0,2,0,0,0,0,6
disappeared,0/20,0,0,0,0,0,0,0,4
discovered,0/6,0,0,0,0,0,0,0,3
dog,51/279,19,0,11,22,16,2,0,10
en,0/0,N/A,0,0,0,0,0,0,N/A
giving,2/18,12,0,2,0,0,0,0,4
grown,0/2,0,0,0,0,0,0,0,1
handle,8/31,26,0,7,1,0,0,0,2
happens,0/68,0,0,0,0,0,0,0,0
hidden,0/38,0,0,0,0,0,0,0,2
influence,0/12,0,0,0,0,0,0,0,0
major,0/0,N/A,0,0,0,0,0,0,N/A
absolutely,0/0,N/A,0,0,0,0,0,0,N/A
april,0/0,N/A,0,0,0,0,0,0,N/A
atmosphere,0/21,0,0,0,0,0,0,0,2
cells,0/0,N/A,0,0,0,0,0,0,N/A
coal,9/12,76,0,7,2,0,0,0,6
created,0/1213,0,0,0,0,0,0,0,1
cry,4/44,10,0,4,0,0,0,0,4
decorated,0/75,0,0,0,0,0,0,0,2
doors,0/23,0,0,0,0,0,0,0,6
duchess,1/1,100,0,1,0,0,0,0,7
existed,0/33,0,0,0,0,0,0,0,1
games,0/314,0,0,0,0,0,0,0,5
grow,0/2,0,0,0,0,0,0,0,0
husband,2/8,26,0,2,0,0,0,0,3
italy,0/0,N/A,0,0,0,0,0,0,N/A
kingdom,0/2,0,0,0,0,0,0,0,3
lights,0/63,0,0,0,0,0,0,0,4
lines,0/15,0,0,0,0,0,0,0,5
addition,0/15,0,0,0,0,0,0,0,1
africa,0/0,N/A,0,0,0,0,0,0,N/A
available,0/0,N/A,0,0,0,0,0,0,N/A
bedroom,1/15,7,0,1,0,0,0,0,5
begun,0/21,0,0,0,0,0,0,0,4
china,0/0,N/A,0,0,0,0,0,0,N/A
coloured,0/0,N/A,0,0,0,0,0,0,N/A
concerned,0/19,0,0,0,0,0,0,0,1
continue,0/4,0,0,0,0,0,0,0,2
courtyard,0/6,0,0,0,0,0,0,0,1
crown,0/0,N/A,0,0,0,0,0,0,N/A
drew,0/0,N/A,0,0,0,0,0,0,N/A
dwarfs,0/7,0,0,0,0,0,0,0,10
edge,0/2,0,0,0,0,0,0,0,1
expression,0/5,0,0,0,0,0,0,0,4
fallen,0/0,N/A,0,0,0,0,0,0,N/A
fixed,0/33,0,0,0,0,0,0,0,2
glad,0/0,N/A,0,0,0,0,0,0,N/A
government,9/36,26,0,6,3,0,0,0,4
grew,0/2,0,0,0,0,0,0,0,0
hanging,0/6,0,0,0,0,0,0,0,1
heads,0/8,0,0,0,0,0,0,0,2
knowing,1/45,3,0,1,0,0,0,0,3
language,118/1124,11,0,12,30,48,21,6,2
located,0/3,0,0,0,0,0,0,0,0
mirror,5/11,46,0,3,2,0,0,0,5
account,0/22,0,0,0,0,0,0,0,5
action,21/2582,1,0,4,3,1,3,7,4
angry,0/0,N/A,0,0,0,0,0,0,N/A
bay,0/2,0,0,0,0,0,0,0,7
cigarette,3/8,38,0,3,0,0,0,0,2
commercial,0/2,0,0,0,0,0,0,0,2
daily,0/0,N/A,0,0,0,0,0,0,N/A
danish,0/0,N/A,0,0,0,0,0,0,N/A
data,3/3,100,0,3,0,0,0,0,7
dreams,0/2,0,0,0,0,0,0,0,4
emissions,0/4,0,0,0,0,0,0,0,1
everywhere,0/0,N/A,0,0,0,0,0,0,N/A
existence,3/105,3,0,3,0,0,0,0,1
experience,0/3,0,0,0,0,0,0,0,4
falling,0/0,N/A,0,0,0,0,0,0,N/A
fighting,2/42,5,0,2,0,0,0,0,1
hospital,6/32,19,0,5,1,0,0,0,4
including,0/33,0,0,0,0,0,0,0,2
laughs,0/15,0,0,0,0,0,0,0,2
access,0/2,0,0,0,0,0,0,0,1
allowed,0/1,0,0,0,0,0,0,0,3
antwerp,0/0,N/A,0,0,0,0,0,0,N/A
bang,0/0,N/A,0,0,0,0,0,0,N/A
bright,0/0,N/A,0,0,0,0,0,0,N/A
bye,0/0,N/A,0,0,0,0,0,0,N/A
castle,0/0,N/A,0,0,0,0,0,0,N/A
draw,0/0,N/A,0,0,0,0,0,0,N/A
expansion,0/29,0,0,0,0,0,0,0,2
fairy,2/24,9,0,2,0,0,0,0,3
game,35/314,12,0,9,7,10,3,2,6
gibraltar,0/0,N/A,0,0,0,0,0,0,N/A
individual,1/12902,1,0,1,0,0,0,0,0
kill,5/79,7,0,2,1,2,0,0,7
local,0/0,N/A,0,0,0,0,0,0,N/A
luck,5/61,9,0,5,0,0,0,0,6
manage,0/0,N/A,0,0,0,0,0,0,N/A
message,2/60,4,0,2,0,0,0,0,4
anywhere,0/0,N/A,0,0,0,0,0,0,N/A
aside,0/0,N/A,0,0,0,0,0,0,N/A
blistering,0/0,N/A,0,0,0,0,0,0,N/A
blow,1/74,2,0,1,0,0,0,0,3
costs,0/0,N/A,0,0,0,0,0,0,N/A
developed,0/1,0,0,0,0,0,0,0,3
dropped,0/6,0,0,0,0,0,0,0,1
events,1/11206,1,0,0,0,0,1,0,4
familiar,0/0,N/A,0,0,0,0,0,0,N/A
fully,0/0,N/A,0,0,0,0,0,0,N/A
growing,0/57,0,0,0,0,0,0,0,5
hate,0/57,0,0,0,0,0,0,0,6
issue,5/6,84,0,5,0,0,0,0,10
join,0/2,0,0,0,0,0,0,0,21
length,1/19,6,0,0,1,0,0,0,3
load,5/8,63,0,5,0,0,0,0,5
acid,177/198,90,0,93,40,8,23,8,10
adventure,0/0,N/A,0,0,0,0,0,0,N/A
adventures,0/0,N/A,0,0,0,0,0,0,N/A
answers,0/2,0,0,0,0,0,0,0,1
areas,0/145,0,0,0,0,0,0,0,5
authorized,0/45,0,0,0,0,0,0,0,2
barnacles,0/6,0,0,0,0,0,0,0,7
capital,4/34,12,0,3,1,0,0,0,8
carrying,0/47,0,0,0,0,0,0,0,1
cases,0/6,0,0,0,0,0,0,0,2
characters,0/0,N/A,0,0,0,0,0,0,N/A
concern,2/15,14,0,2,0,0,0,0,3
difficulty,0/2,0,0,0,0,0,0,0,2
empire,0/0,N/A,0,0,0,0,0,0,N/A
eurasia,0/0,N/A,0,0,0,0,0,0,N/A
excuse,0/2,0,0,0,0,0,0,0,5
fashion,0/38,0,0,0,0,0,0,0,3
fifteen,0/0,N/A,0,0,0,0,0,0,N/A
financial,0/0,N/A,0,0,0,0,0,0,N/A
forever,0/0,N/A,0,0,0,0,0,0,N/A
gin,3/5,60,0,3,0,0,0,0,6
height,0/7,0,0,0,0,0,0,0,3
higher,0/0,N/A,0,0,0,0,0,0,N/A
image,6/14,43,0,5,1,0,0,0,8
impression,0/11,0,0,0,0,0,0,0,1
iron,18/25,72,0,11,5,2,0,0,7
lisbon,0/0,N/A,0,0,0,0,0,0,N/A
material,17/3569,1,0,14,3,0,0,0,3
animals,0/2886,0,0,0,0,0,0,0,5
answered,0/11,0,0,0,0,0,0,0,1
applied,0/96,0,0,0,0,0,0,0,1
calm,0/12,0,0,0,0,0,0,0,4
canada,0/0,N/A,0,0,0,0,0,0,N/A
dormouse,0/5,0,0,0,0,0,0,0,3
drop,2/2,100,0,2,0,0,0,0,4
fifty,0/0,N/A,0,0,0,0,0,0,N/A
forest,5/11,46,0,3,2,0,0,0,5
formed,0/7,0,0,0,0,0,0,0,3
generally,0/0,N/A,0,0,0,0,0,0,N/A
interesting,0/11,0,0,0,0,0,0,0,4
literature,1/5,20,0,1,0,0,0,0,0
loud,0/0,N/A,0,0,0,0,0,0,N/A
mentioned,0/15,0,0,0,0,0,0,0,1
mixed,0/13,0,0,0,0,0,0,0,2
anna,0/0,N/A,0,0,0,0,0,0,N/A
buildings,0/459,0,0,0,0,0,0,0,1
cent,0/0,N/A,0,0,0,0,0,0,N/A
civil,0/0,N/A,0,0,0,0,0,0,N/A
considered,0/77,0,0,0,0,0,0,0,2
correct,0/6,0,0,0,0,0,0,0,0
dame,0/0,N/A,0,0,0,0,0,0,N/A
dining,0/1,0,0,0,0,0,0,0,6
direct,0/1,0,0,0,0,0,0,0,2
directly,0/0,N/A,0,0,0,0,0,0,N/A
executed,0/6,0,0,0,0,0,0,0,2
expected,0/39,0,0,0,0,0,0,0,1
facts,0/26,0,0,0,0,0,0,0,5
fancy,0/4,0,0,0,0,0,0,0,8
fat,6/41,15,0,4,2,0,0,0,7
glance,1/3,34,0,1,0,0,0,0,5
hare,5/16,32,0,5,0,0,0,0,11
holidays,0/7,0,0,0,0,0,0,0,0
iii,0/0,N/A,0,0,0,0,0,0,N/A
kilometres,0/0,N/A,0,0,0,0,0,0,N/A
lit,0/0,N/A,0,0,0,0,0,0,N/A
manner,0/38,0,0,0,0,0,0,0,4
meaning,3/38,8,0,2,1,0,0,0,3
august,0/0,N/A,0,0,0,0,0,0,N/A
bear,14/34,42,0,9,5,0,0,0,10
bread,47/169,28,0,26,17,4,0,0,6
chest,2/3,67,0,2,0,0,0,0,4
described,0/10,0,0,0,0,0,0,0,0
duck,20/98,21,0,15,5,0,0,0,8
evolution,0/5,0,0,0,0,0,0,0,1
fool,1/20,6,0,1,0,0,0,0,3
glasses,2/7,29,0,2,0,0,0,0,2
goodbye,0/0,N/A,0,0,0,0,0,0,N/A
happening,0/1718,0,0,0,0,0,0,0,0
hit,3/21,15,0,1,2,0,0,0,8
ignition,0/1,0,0,0,0,0,0,0,14
jacket,18/44,41,0,17,1,0,0,0,5
labour,0/4,0,0,0,0,0,0,0,8
laughed,0/18,0,0,0,0,0,0,0,1
liked,0/1,0,0,0,0,0,0,0,1
lunch,1/1,100,0,1,0,0,0,0,9
moreover,0/0,N/A,0,0,0,0,0,0,N/A
add,0/0,N/A,0,0,0,0,0,0,N/A
advantage,3/44,7,0,3,0,0,0,0,2
automatic,1/4,26,0,1,0,0,0,0,4
avoid,0/31,0,0,0,0,0,0,0,2
basket,6/15,40,0,4,2,0,0,0,4
beam,0/0,N/A,0,0,0,0,0,0,N/A
champs,0/2,0,0,0,0,0,0,0,8
characteristic,7/41,18,0,3,4,0,0,0,1
chocolate,0/0,N/A,0,0,0,0,0,0,N/A
competition,1/2,50,0,1,0,0,0,0,3
comrade,0/7,0,0,0,0,0,0,0,1
consider,3/77,4,0,3,0,0,0,0,0
dealer,2/27,8,0,2,0,0,0,0,4
drawn,0/50,0,0,0,0,0,0,0,1
essential,0/4,0,0,0,0,0,0,0,3
flemish,0/0,N/A,0,0,0,0,0,0,N/A
forms,0/19,0,0,0,0,0,0,0,4
forty,0/0,N/A,0,0,0,0,0,0,N/A
germany,0/0,N/A,0,0,0,0,0,0,N/A
gulf,0/0,N/A,0,0,0,0,0,0,N/A
historical,0/0,N/A,0,0,0,0,0,0,N/A
hugo,0/0,N/A,0,0,0,0,0,0,N/A
included,0/33,0,0,0,0,0,0,0,1
iv,0/0,N/A,0,0,0,0,0,0,N/A
leading,0/0,N/A,0,0,0,0,0,0,N/A
merchant,6/110,6,0,6,0,0,0,0,2
mountain,0/5,0,0,0,0,0,0,0,2
banks,0/0,N/A,0,0,0,0,0,0,N/A
begins,0/0,N/A,0,0,0,0,0,0,N/A
brittany,0/0,N/A,0,0,0,0,0,0,N/A
camp,1/4,26,0,1,0,0,0,0,3
choice,0/4,0,0,0,0,0,0,0,2
coupling,0/0,N/A,0,0,0,0,0,0,N/A
creature,2/2886,1,0,2,0,0,0,0,4
desire,1/82,2,0,1,0,0,0,0,4
desk,1/6,17,0,1,0,0,0,0,7
diary,0/2,0,0,0,0,0,0,0,1
electrical,0/0,N/A,0,0,0,0,0,0,N/A
exile,0/5,0,0,0,0,0,0,0,7
falls,0/0,N/A,0,0,0,0,0,0,N/A
fight,1/13,8,0,1,0,0,0,0,6
finger,5/11,46,0,5,0,0,0,0,3
fly,20/34,59,0,11,5,4,0,0,8
greater,0/0,N/A,0,0,0,0,0,0,N/A
guess,0/1,0,0,0,0,0,0,0,5
gun,35/130,27,0,10,7,4,2,5,8
harbour,0/2,0,0,0,0,0,0,0,7
ice,1/7,15,0,1,0,0,0,0,4
impulse,0/7,0,0,0,0,0,0,0,3
increase,0/1,0,0,0,0,0,0,0,2
instance,0/6,0,0,0,0,0,0,0,1
japanese,0/6,0,0,0,0,0,0,0,1
machine,41/404,11,0,19,15,6,1,0,5
menhir,0/0,N/A,0,0,0,0,0,0,N/A
month,5/111,5,0,5,0,0,0,0,3
motor,8/83,10,0,2,4,0,2,0,8
arrest,0/0,N/A,0,0,0,0,0,0,N/A
average,0/13,0,0,0,0,0,0,0,4
base,5/6,84,0,5,0,0,0,0,6
becomes,0/10,0,0,0,0,0,0,0,1
beneath,0/0,N/A,0,0,0,0,0,0,N/A
breast,0/1,0,0,0,0,0,0,0,0
burst,0/3,0,0,0,0,0,0,0,6
carriage,1/20,6,0,1,0,0,0,0,4
caterpillar,5/56,9,0,4,1,0,0,0,4
check,10/21,48,0,10,0,0,0,0,8
contrary,0/0,N/A,0,0,0,0,0,0,N/A
dare,0/0,N/A,0,0,0,0,0,0,N/A
decision,0/62,0,0,0,0,0,0,0,2
distribution,8/15,54,0,8,0,0,0,0,6
extra,0/0,N/A,0,0,0,0,0,0,N/A
finish,0/4,0,0,0,0,0,0,0,1
flight,0/0,N/A,0,0,0,0,0,0,N/A
flung,0/8,0,0,0,0,0,0,0,1
fossil,0/0,N/A,0,0,0,0,0,0,N/A
hatred,0/57,0,0,0,0,0,0,0,4
hiding,0/21,0,0,0,0,0,0,0,4
involved,0/1,0,0,0,0,0,0,0,2
jump,1/2,50,0,1,0,0,0,0,8
letters,0/0,N/A,0,0,0,0,0,0,N/A
likely,0/0,N/A,0,0,0,0,0,0,N/A
materials,0/3569,0,0,0,0,0,0,0,2
animal,12/2886,1,0,8,2,1,0,1,6
apartment,4/18,23,0,4,0,0,0,0,2
arrested,0/0,N/A,0,0,0,0,0,0,N/A
bells,0/15,0,0,0,0,0,0,0,6
button,2/2,100,0,2,0,0,0,0,6
cap,24/55,44,0,24,0,0,0,0,6
capable,0/0,N/A,0,0,0,0,0,0,N/A
caused,0/138,0,0,0,0,0,0,0,2
chapel,2/3,67,0,2,0,0,0,0,4
committed,0/2,0,0,0,0,0,0,0,3
continental,0/0,N/A,0,0,0,0,0,0,N/A
downstairs,0/0,N/A,0,0,0,0,0,0,N/A
drunk,0/7,0,0,0,0,0,0,0,2
electric,0/0,N/A,0,0,0,0,0,0,N/A
extraordinary,0/0,N/A,0,0,0,0,0,0,N/A
faster,0/0,N/A,0,0,0,0,0,0,N/A
flag,9/37,25,0,9,0,0,0,0,6
former,0/0,N/A,0,0,0,0,0,0,N/A
gas,0/0,N/A,0,0,0,0,0,0,N/A
gentleman,1/3,34,0,1,0,0,0,0,1
golden,0/0,N/A,0,0,0,0,0,0,N/A
gravity,1/1,100,0,1,0,0,0,0,7
hide,2/3,67,0,2,0,0,0,0,4
horse,42/134,32,0,13,19,10,0,0,5
identifying,0/51,0,0,0,0,0,0,0,2
impulses,0/7,0,0,0,0,0,0,0,2
larger,0/0,N/A,0,0,0,0,0,0,N/A
latter,0/0,N/A,0,0,0,0,0,0,N/A
leader,20/632,4,0,12,2,6,0,0,5
list,24/130,19,0,22,2,0,0,0,7
loved,0/17,0,0,0,0,0,0,0,3
minister,0/1,0,0,0,0,0,0,0,2
movements,0/260,0,0,0,0,0,0,0,1
actual,0/0,N/A,0,0,0,0,0,0,N/A
anti,0/0,N/A,0,0,0,0,0,0,N/A
approach,0/1,0,0,0,0,0,0,0,2
arrive,0/37,0,0,0,0,0,0,0,1
attempt,1/152,1,0,1,0,0,0,0,4
barcelona,0/0,N/A,0,0,0,0,0,0,N/A
besides,0/0,N/A,0,0,0,0,0,0,N/A
brand,0/2,0,0,0,0,0,0,0,5
burning,0/10,0,0,0,0,0,0,0,3
california,0/0,N/A,0,0,0,0,0,0,N/A
cleared,0/0,N/A,0,0,0,0,0,0,N/A
connection,0/25,0,0,0,0,0,0,0,1
count,6/9,67,0,6,0,0,0,0,6
covers,0/4,0,0,0,0,0,0,0,3
darkness,2/25,8,0,2,0,0,0,0,1
detail,0/9,0,0,0,0,0,0,0,5
dinner,0/1,0,0,0,0,0,0,0,2
drowned,0/0,N/A,0,0,0,0,0,0,N/A
dust,2/3,67,0,2,0,0,0,0,8
ear,0/0,N/A,0,0,0,0,0,0,N/A
efforts,0/152,0,0,0,0,0,0,0,4
entrant,0/0,N/A,0,0,0,0,0,0,N/A
established,0/0,N/A,0,0,0,0,0,0,N/A
false,0/0,N/A,0,0,0,0,0,0,N/A
fit,0/0,N/A,0,0,0,0,0,0,N/A
gardens,0/28,0,0,0,0,0,0,0,4
imagination,0/222,0,0,0,0,0,0,0,2
impact,0/21,0,0,0,0,0,0,0,0
increased,0/249,0,0,0,0,0,0,0,1
accurate,0/0,N/A,0,0,0,0,0,0,N/A
argument,2/19,11,0,2,0,0,0,0,3
artists,0/98,0,0,0,0,0,0,0,4
busy,0/5,0,0,0,0,0,0,0,4
cathedral,0/1,0,0,0,0,0,0,0,1
choose,0/67,0,0,0,0,0,0,0,1
community,1/23,5,0,1,0,0,0,0,0
completed,0/48,0,0,0,0,0,0,0,0
damned,0/0,N/A,0,0,0,0,0,0,N/A
describe,0/10,0,0,0,0,0,0,0,1
dirty,0/23,0,0,0,0,0,0,0,1
europeans,0/233,0,0,0,0,0,0,0,1
expect,0/39,0,0,0,0,0,0,0,3
extended,0/6,0,0,0,0,0,0,0,2
eyebrows,0/0,N/A,0,0,0,0,0,0,N/A
final,1/1,100,0,1,0,0,0,0,5
fleet,0/0,N/A,0,0,0,0,0,0,N/A
forces,0/5,0,0,0,0,0,0,0,2
geneva,0/0,N/A,0,0,0,0,0,0,N/A
gesture,0/7,0,0,0,0,0,0,0,1
heap,4/18,23,0,4,0,0,0,0,4
ill,0/9,0,0,0,0,0,0,0,8
jumped,0/33,0,0,0,0,0,0,0,1
kiss,3/6,50,0,3,0,0,0,0,4
learned,0/24,0,0,0,0,0,0,0,0
legal,0/0,N/A,0,0,0,0,0,0,N/A
lose,0/3,0,0,0,0,0,0,0,5
maine,0/0,N/A,0,0,0,0,0,0,N/A
mickey,0/0,N/A,0,0,0,0,0,0,N/A
moustache,1/7,15,0,1,0,0,0,0,3
advance,0/2,0,0,0,0,0,0,0,1
arranged,0/101,0,0,0,0,0,0,0,0
artist,6/98,7,0,1,4,1,0,0,5
attraction,2/31,7,0,2,0,0,0,0,4
authority,0/7,0,0,0,0,0,0,0,2
bank,1/3,34,0,1,0,0,0,0,6
bell,12/15,80,0,11,1,0,0,0,7
bench,3/10,30,0,3,0,0,0,0,4
breakfast,2/3,67,0,2,0,0,0,0,8
club,0/0,N/A,0,0,0,0,0,0,N/A
collection,6/576,2,0,4,2,0,0,0,0
complex,0/2,0,0,0,0,0,0,0,1
contained,0/0,N/A,0,0,0,0,0,0,N/A
differences,0/43,0,0,0,0,0,0,0,0
discovery,2/50,4,0,2,0,0,0,0,2
electricity,7/10,70,0,7,0,0,0,0,6
export,0/0,N/A,0,0,0,0,0,0,N/A
extension,0/0,N/A,0,0,0,0,0,0,N/A
fault,0/82,0,0,0,0,0,0,0,4
festival,2/9,23,0,2,0,0,0,0,4
frozen,0/2,0,0,0,0,0,0,0,2
germans,0/12,0,0,0,0,0,0,0,1
greatest,0/0,N/A,0,0,0,0,0,0,N/A
guests,0/4,0,0,0,0,0,0,0,6
guide,0/1,0,0,0,0,0,0,0,5
habit,0/0,N/A,0,0,0,0,0,0,N/A
horrible,0/0,N/A,0,0,0,0,0,0,N/A
identity,1/3,34,0,1,0,0,0,0,6
indian,0/229,0,0,0,0,0,0,0,2
infinite,0/14,0,0,0,0,0,0,0,4
instant,0/0,N/A,0,0,0,0,0,0,N/A
joined,0/46,0,0,0,0,0,0,0,3
liberty,0/6,0,0,0,0,0,0,0,6
link,0/0,N/A,0,0,0,0,0,0,N/A
listening,1/6,17,0,1,0,0,0,0,2
locked,0/2,0,0,0,0,0,0,0,0
measure,2/17,12,0,1,1,0,0,0,6
mere,0/0,N/A,0,0,0,0,0,0,N/A
aim,0/7,0,0,0,0,0,0,0,4
band,0/52,0,0,0,0,0,0,0,6
basis,0/1,0,0,0,0,0,0,0,9
battery,0/0,N/A,0,0,0,0,0,0,N/A
battle,2/13,16,0,2,0,0,0,0,5
brain,0/0,N/A,0,0,0,0,0,0,N/A
childhood,0/4,0,0,0,0,0,0,0,0
circle,3/5,60,0,3,0,0,0,0,6
cloth,24/378,7,0,16,7,1,0,0,3
colonel,2/2,100,0,2,0,0,0,0,9
colours,0/0,N/A,0,0,0,0,0,0,N/A
conscious,0/0,N/A,0,0,0,0,0,0,N/A
contrast,0/0,N/A,0,0,0,0,0,0,N/A
create,13/1213,2,0,10,1,1,0,1,2
crew,4/5,80,0,2,2,0,0,0,8
denmark,0/0,N/A,0,0,0,0,0,0,N/A
depending,0/2,0,0,0,0,0,0,0,7
distances,0/46,0,0,0,0,0,0,0,0
dollars,0/25,0,0,0,0,0,0,0,9
eleven,0/0,N/A,0,0,0,0,0,0,N/A
endless,0/0,N/A,0,0,0,0,0,0,N/A
environment,0/38,0,0,0,0,0,0,0,2
escaped,0/14,0,0,0,0,0,0,0,1
excellent,0/0,N/A,0,0,0,0,0,0,N/A
exists,0/33,0,0,0,0,0,0,0,2
features,0/41,0,0,0,0,0,0,0,5
fill,0/0,N/A,0,0,0,0,0,0,N/A
fluid,0/529,0,0,0,0,0,0,0,5
forth,0/0,N/A,0,0,0,0,0,0,N/A
fur,2/23,9,0,2,0,0,0,0,5
giant,0/0,N/A,0,0,0,0,0,0,N/A
herring,4/10,40,0,4,0,0,0,0,3
hurt,0/124,0,0,0,0,0,0,0,7
instrument,14/953,2,0,10,2,1,1,0,2
introduce,3/5,60,0,3,0,0,0,0,1
january,0/0,N/A,0,0,0,0,0,0,N/A
keeping,0/0,N/A,0,0,0,0,0,0,N/A
landscape,0/0,N/A,0,0,0,0,0,0,N/A
laws,0/0,N/A,0,0,0,0,0,0,N/A
leads,0/0,N/A,0,0,0,0,0,0,N/A
leg,5/15,34,0,5,0,0,0,0,6
legend,1/1,100,0,1,0,0,0,0,10
lesson,10/10,100,0,5,5,0,0,0,7
maximum,0/0,N/A,0,0,0,0,0,0,N/A
medieval,0/0,N/A,0,0,0,0,0,0,N/A
memories,0/6,0,0,0,0,0,0,0,4
mistake,0/82,0,0,0,0,0,0,0,2
accident,2/20,10,0,2,0,0,0,0,2
america,0/0,N/A,0,0,0,0,0,0,N/A
architecture,0/0,N/A,0,0,0,0,0,0,N/A
arts,3/336,1,0,3,0,0,0,0,6
beard,2/10,20,0,2,0,0,0,0,4
block,6/70,9,0,5,1,0,0,0,3
bother,0/0,N/A,0,0,0,0,0,0,N/A
branches,0/6,0,0,0,0,0,0,0,11
breton,0/0,N/A,0,0,0,0,0,0,N/A
brings,0/23,0,0,0,0,0,0,0,1
brotherhood,0/0,N/A,0,0,0,0,0,0,N/A
buried,0/0,N/A,0,0,0,0,0,0,N/A
chang,0/0,N/A,0,0,0,0,0,0,N/A
collect,0/0,N/A,0,0,0,0,0,0,N/A
continues,0/4,0,0,0,0,0,0,0,3
curiously,0/0,N/A,0,0,0,0,0,0,N/A
depends,0/2,0,0,0,0,0,0,0,9
diesel,0/0,N/A,0,0,0,0,0,0,N/A
driver,12/31,39,0,12,0,0,0,0,4
examples,0/13,0,0,0,0,0,0,0,2
flying,2/27,8,0,2,0,0,0,0,4
forced,0/13,0,0,0,0,0,0,0,5
frightened,0/30,0,0,0,0,0,0,0,2
furniture,4/290,2,0,4,0,0,0,0,1
gate,8/16,50,0,8,0,0,0,0,5
gradually,0/0,N/A,0,0,0,0,0,0,N/A
henry,0/0,N/A,0,0,0,0,0,0,N/A
hero,0/0,N/A,0,0,0,0,0,0,N/A
host,1/1,100,0,1,0,0,0,0,4
ideas,0/934,0,0,0,0,0,0,0,8
imagined,0/24,0,0,0,0,0,0,0,0
inspector,0/0,N/A,0,0,0,0,0,0,N/A
interested,0/11,0,0,0,0,0,0,0,3
interests,0/19,0,0,0,0,0,0,0,1
lack,0/12,0,0,0,0,0,0,0,6
lev,0/0,N/A,0,0,0,0,0,0,N/A
lift,0/0,N/A,0,0,0,0,0,0,N/A
location,2/1945,1,0,1,0,0,1,0,2
madam,1/2,50,0,1,0,0,0,0,4
metal,8/303,3,0,6,0,2,0,0,5
millions,0/0,N/A,0,0,0,0,0,0,N/A
acres,0/18,0,0,0,0,0,0,0,3
anxious,0/0,N/A,0,0,0,0,0,0,N/A
avenue,0/0,N/A,0,0,0,0,0,0,N/A
bare,0/0,N/A,0,0,0,0,0,0,N/A
beauty,1/42,3,0,1,0,0,0,0,5
belief,2/697,1,0,2,0,0,0,0,4
bridge,17/26,66,0,16,1,0,0,0,6
build,0/11,0,0,0,0,0,0,0,6
cheek,0/0,N/A,0,0,0,0,0,0,N/A
cite,0/3,0,0,0,0,0,0,0,9
climb,0/1,0,0,0,0,0,0,0,1
conjuring,0/2,0,0,0,0,0,0,0,1
continuous,0/0,N/A,0,0,0,0,0,0,N/A
contributed,0/6,0,0,0,0,0,0,0,3
controlled,0/163,0,0,0,0,0,0,0,2
cool,0/0,N/A,0,0,0,0,0,0,N/A
cup,7/14,50,0,7,0,0,0,0,6
curiosity,0/29,0,0,0,0,0,0,0,2
curtain,5/10,50,0,4,1,0,0,0,4
decoration,2/478,1,0,2,0,0,0,0,1
definite,0/0,N/A,0,0,0,0,0,0,N/A
description,1/18,6,0,1,0,0,0,0,1
determine,1/34,3,0,1,0,0,0,0,2
devil,0/0,N/A,0,0,0,0,0,0,N/A
drinks,0/38,0,0,0,0,0,0,0,3
duke,0/0,N/A,0,0,0,0,0,0,N/A
dying,0/1,0,0,0,0,0,0,0,1
ended,0/39,0,0,0,0,0,0,0,3
entered,0/131,0,0,0,0,0,0,0,0
entirely,0/0,N/A,0,0,0,0,0,0,N/A
exchange,1/1,100,0,1,0,0,0,0,14
explained,0/73,0,0,0,0,0,0,0,0
explanation,0/71,0,0,0,0,0,0,0,1
fetch,0/0,N/A,0,0,0,0,0,0,N/A
fields,0/0,N/A,0,0,0,0,0,0,N/A
flanders,0/0,N/A,0,0,0,0,0,0,N/A
grave,0/0,N/A,0,0,0,0,0,0,N/A
guilty,0/0,N/A,0,0,0,0,0,0,N/A
hence,0/0,N/A,0,0,0,0,0,0,N/A
includes,0/33,0,0,0,0,0,0,0,1
latin,0/49,0,0,0,0,0,0,0,6
legislative,0/0,N/A,0,0,0,0,0,0,N/A
magnificent,0/0,N/A,0,0,0,0,0,0,N/A
marble,0/2,0,0,0,0,0,0,0,7
matters,0/1,0,0,0,0,0,0,0,1
active,0/0,N/A,0,0,0,0,0,0,N/A
altered,0/3030,0,0,0,0,0,0,0,1
apparent,0/0,N/A,0,0,0,0,0,0,N/A
architect,1/6,17,0,1,0,0,0,0,4
asia,0/0,N/A,0,0,0,0,0,0,N/A
author,3/95,4,0,3,0,0,0,0,5
balance,2/3,67,0,2,0,0,0,0,7
birthday,0/0,N/A,0,0,0,0,0,0,N/A
bone,72/234,31,0,43,24,5,0,0,6
bordeaux,0/0,N/A,0,0,0,0,0,0,N/A
brave,0/0,N/A,0,0,0,0,0,0,N/A
capacity,0/0,N/A,0,0,0,0,0,0,N/A
cargo,0/0,N/A,0,0,0,0,0,0,N/A
changing,0/3030,0,0,0,0,0,0,0,0
clever,0/0,N/A,0,0,0,0,0,0,N/A
consciousness,1/13,8,0,1,0,0,0,0,4
content,0/0,N/A,0,0,0,0,0,0,N/A
cook,4/11,37,0,3,1,0,0,0,4
delivery,0/9,0,0,0,0,0,0,0,1
design,0/4,0,0,0,0,0,0,0,6
destroy,1/62,2,0,1,0,0,0,0,2
dockyard,0/0,N/A,0,0,0,0,0,0,N/A
doublethink,0/0,N/A,0,0,0,0,0,0,N/A
dragon,0/2,0,0,0,0,0,0,0,0
duty,6/30,20,0,4,2,0,0,0,8
element,1/17,6,0,1,0,0,0,0,6
faced,0/4,0,0,0,0,0,0,0,2
feels,0/0,N/A,0,0,0,0,0,0,N/A
forehead,0/0,N/A,0,0,0,0,0,0,N/A
forgot,0/4,0,0,0,0,0,0,0,2
freeze,1/5,20,0,1,0,0,0,0,5
function,6/74,9,0,6,0,0,0,0,4
hang,0/0,N/A,0,0,0,0,0,0,N/A
intellectual,0/254,0,0,0,0,0,0,0,2
limited,0/0,N/A,0,0,0,0,0,0,N/A
mate,0/0,N/A,0,0,0,0,0,0,N/A
ability,11/54,21,0,5,6,0,0,0,5
academy,0/0,N/A,0,0,0,0,0,0,N/A
accept,0/50,0,0,0,0,0,0,0,1
additional,0/0,N/A,0,0,0,0,0,0,N/A
altogether,0/0,N/A,0,0,0,0,0,0,N/A
background,0/0,N/A,0,0,0,0,0,0,N/A
beat,0/0,N/A,0,0,0,0,0,0,N/A
beg,0/5,0,0,0,0,0,0,0,5
bet,0/6,0,0,0,0,0,0,0,2
bike,4/6,67,0,4,0,0,0,0,5
birds,0/1817,0,0,0,0,0,0,0,8
bomb,53/68,78,0,48,5,0,0,0,8
bow,0/0,N/A,0,0,0,0,0,0,N/A
cellar,1/1,100,0,1,0,0,0,0,4
charge,1/1,100,0,1,0,0,0,0,8
chin,1/2,50,0,1,0,0,0,0,6
condition,16/2713,1,0,11,2,1,0,1,3
contemporary,0/0,N/A,0,0,0,0,0,0,N/A
degree,0/91,0,0,0,0,0,0,0,4
division,0/3,0,0,0,0,0,0,0,16
eastern,0/0,N/A,0,0,0,0,0,0,N/A
elegant,0/0,N/A,0,0,0,0,0,0,N/A
em,0/0,N/A,0,0,0,0,0,0,N/A
ends,0/52,0,0,0,0,0,0,0,5
equipment,22/763,3,0,10,12,0,0,0,2
era,1/10,10,0,1,0,0,0,0,7
error,2/82,3,0,0,2,0,0,0,4
experienced,0/19,0,0,0,0,0,0,0,5
extent,0/0,N/A,0,0,0,0,0,0,N/A
factory,4/31,13,0,4,0,0,0,0,4
fang,0/0,N/A,0,0,0,0,0,0,N/A
flow,8/92,9,0,6,2,0,0,0,5
flowers,0/1058,0,0,0,0,0,0,0,9
fourth,0/0,N/A,0,0,0,0,0,0,N/A
fun,0/0,N/A,0,0,0,0,0,0,N/A
galleys,0/0,N/A,0,0,0,0,0,0,N/A
george,0/0,N/A,0,0,0,0,0,0,N/A
germanic,0/86,0,0,0,0,0,0,0,4
goodness,0/27,0,0,0,0,0,0,0,2
grandfather,0/0,N/A,0,0,0,0,0,0,N/A
haddock,2/4,50,0,2,0,0,0,0,5
heat,12/13,93,0,6,6,0,0,0,14
heels,0/9,0,0,0,0,0,0,0,5
heritage,0/0,N/A,0,0,0,0,0,0,N/A
highly,0/0,N/A,0,0,0,0,0,0,N/A
inhabitants,0/685,0,0,0,0,0,0,0,2
inland,0/0,N/A,0,0,0,0,0,0,N/A
insert,0/0,N/A,0,0,0,0,0,0,N/A
intended,0/16,0,0,0,0,0,0,0,1
interval,1/71,2,0,1,0,0,0,0,2
invited,0/0,N/A,0,0,0,0,0,0,N/A
jail,0/7,0,0,0,0,0,0,0,6
july,0/0,N/A,0,0,0,0,0,0,N/A
laboratory,4/9,45,0,4,0,0,0,0,4
laughter,0/15,0,0,0,0,0,0,0,0
leather,14/50,28,0,13,1,0,0,0,2
lock,7/11,64,0,7,0,0,0,0,7
loose,0/6,0,0,0,0,0,0,0,1
mid,0/0,N/A,0,0,0,0,0,0,N/A
address,0/5,0,0,0,0,0,0,0,7
adjust,1/88,2,0,1,0,0,0,0,2
antiquity,0/0,N/A,0,0,0,0,0,0,N/A
appropriate,0/0,N/A,0,0,0,0,0,0,N/A
arc,0/11,0,0,0,0,0,0,0,11
arch,0/0,N/A,0,0,0,0,0,0,N/A
arsenal,0/0,N/A,0,0,0,0,0,0,N/A
awake,0/0,N/A,0,0,0,0,0,0,N/A
beds,0/33,0,0,0,0,0,0,0,5
beer,9/29,32,0,3,6,0,0,0,5
ben,0/0,N/A,0,0,0,0,0,0,N/A
bound,3/14,22,0,3,0,0,0,0,3
breathing,2/22,10,0,2,0,0,0,0,1
cartoon,1/4,26,0,1,0,0,0,0,3
cast,0/2,0,0,0,0,0,0,0,10
centres,0/0,N/A,0,0,0,0,0,0,N/A
christian,0/70,0,0,0,0,0,0,0,2
co,0/0,N/A,0,0,0,0,0,0,N/A
colleagues,0/0,N/A,0,0,0,0,0,0,N/A
conclusion,0/1,0,0,0,0,0,0,0,6
concrete,2/3,67,0,2,0,0,0,0,5
contain,0/0,N/A,0,0,0,0,0,0,N/A
crab,24/35,69,0,15,9,0,0,0,11
cream,0/0,N/A,0,0,0,0,0,0,N/A
details,0/4,0,0,0,0,0,0,0,0
dull,0/0,N/A,0,0,0,0,0,0,N/A
enjoy,0/2,0,0,0,0,0,0,0,7
equally,0/0,N/A,0,0,0,0,0,0,N/A
express,1/1,100,0,1,0,0,0,0,5
extremely,0/0,N/A,0,0,0,0,0,0,N/A
factor,3/10,30,0,2,1,0,0,0,8
fantastic,0/0,N/A,0,0,0,0,0,0,N/A
flash,1/14,8,0,1,0,0,0,0,4
fleets,0/0,N/A,0,0,0,0,0,0,N/A
galaxies,0/0,N/A,0,0,0,0,0,0,N/A
gathered,0/39,0,0,0,0,0,0,0,2
hell,0/0,N/A,0,0,0,0,0,0,N/A
iberian,0/0,N/A,0,0,0,0,0,0,N/A
indicated,0/25,0,0,0,0,0,0,0,1
introduced,0/5,0,0,0,0,0,0,0,0
lands,0/3,0,0,0,0,0,0,0,6
languages,0/1124,0,0,0,0,0,0,0,1
lessons,0/10,0,0,0,0,0,0,0,6
lunatic,0/8,0,0,0,0,0,0,0,1
michael,0/0,N/A,0,0,0,0,0,0,N/A
mondays,0/2,0,0,0,0,0,0,0,5
morris,0/0,N/A,0,0,0,0,0,0,N/A
acquisition,0/38,0,0,0,0,0,0,0,0
audience,0/3,0,0,0,0,0,0,0,0
belle,0/0,N/A,0,0,0,0,0,0,N/A
bloody,0/0,N/A,0,0,0,0,0,0,N/A
breaking,0/9,0,0,0,0,0,0,0,0
bringing,0/9,0,0,0,0,0,0,0,1
britain,0/1,0,0,0,0,0,0,0,1
brothers,0/5,0,0,0,0,0,0,0,4
card,14/57,25,0,6,8,0,0,0,4
career,0/10,0,0,0,0,0,0,0,6
celtic,0/16,0,0,0,0,0,0,0,3
cesium,1/1,100,0,1,0,0,0,0,4
chicken,0/10,0,0,0,0,0,0,0,1
closely,0/0,N/A,0,0,0,0,0,0,N/A
closer,0/0,N/A,0,0,0,0,0,0,N/A
command,1/14,8,0,1,0,0,0,0,2
consult,0/0,N/A,0,0,0,0,0,0,N/A
coolant,0/0,N/A,0,0,0,0,0,0,N/A
copy,0/0,N/A,0,0,0,0,0,0,N/A
council,5/21,24,0,5,0,0,0,0,5
delicate,0/0,N/A,0,0,0,0,0,0,N/A
destroyed,0/62,0,0,0,0,0,0,0,0
discover,0/6,0,0,0,0,0,0,0,1
drinking,0/4,0,0,0,0,0,0,0,0
eleventh,0/0,N/A,0,0,0,0,0,0,N/A
elsewhere,0/0,N/A,0,0,0,0,0,0,N/A
enthusiasm,0/14,0,0,0,0,0,0,0,2
exit,0/1,0,0,0,0,0,0,0,4
filthy,0/0,N/A,0,0,0,0,0,0,N/A
flower,50/1058,5,0,19,28,3,0,0,10
founded,0/0,N/A,0,0,0,0,0,0,N/A
fruit,21/565,4,0,7,13,1,0,0,5
fundamental,0/0,N/A,0,0,0,0,0,0,N/A
gasoline,2/5,40,0,2,0,0,0,0,6
gear,9/19,48,0,8,1,0,0,0,9
gift,6/92,7,0,1,4,1,0,0,7
gray,10/23,44,0,10,0,0,0,0,7
handed,0/42,0,0,0,0,0,0,0,1
holiday,0/7,0,0,0,0,0,0,0,1
hundreds,0/0,N/A,0,0,0,0,0,0,N/A
hunting,3/10,30,0,3,0,0,0,0,3
include,0/33,0,0,0,0,0,0,0,0
industry,32/57,57,0,32,0,0,0,0,6
innocent,0/5,0,0,0,0,0,0,0,2
instinct,0/1,0,0,0,0,0,0,0,6
invention,0/2,0,0,0,0,0,0,0,2
joke,6/22,28,0,6,0,0,0,0,6
kid,1/53,2,0,1,0,0,0,0,7
linked,0/29,0,0,0,0,0,0,0,2
lord,0/6,0,0,0,0,0,0,0,10
lots,0/0,N/A,0,0,0,0,0,0,N/A
maintain,0/38,0,0,0,0,0,0,0,0
maintenance,1/10,10,0,1,0,0,0,0,2
marked,0/9,0,0,0,0,0,0,0,1
maroon,0/0,N/A,0,0,0,0,0,0,N/A
mental,0/0,N/A,0,0,0,0,0,0,N/A
moments,0/12,0,0,0,0,0,0,0,4
moral,0/0,N/A,0,0,0,0,0,0,N/A
mostly,0/0,N/A,0,0,0,0,0,0,N/A
accepted,0/50,0,0,0,0,0,0,0,1
achieved,0/15,0,0,0,0,0,0,0,1
aid,0/0,N/A,0,0,0,0,0,0,N/A
angrily,0/0,N/A,0,0,0,0,0,0,N/A
annual,0/0,N/A,0,0,0,0,0,0,N/A
anxiously,0/0,N/A,0,0,0,0,0,0,N/A
appreciate,0/0,N/A,0,0,0,0,0,0,N/A
attitude,1/232,1,0,1,0,0,0,0,3
belly,1/2,50,0,1,0,0,0,0,5
boutique,0/0,N/A,0,0,0,0,0,0,N/A
brandy,0/9,0,0,0,0,0,0,0,2
caesar,0/0,N/A,0,0,0,0,0,0,N/A
caution,0/0,N/A,0,0,0,0,0,0,N/A
chap,0/1,0,0,0,0,0,0,0,0
checked,0/18,0,0,0,0,0,0,0,2
confusion,0/12,0,0,0,0,0,0,0,2
conquest,0/0,N/A,0,0,0,0,0,0,N/A
constantly,0/0,N/A,0,0,0,0,0,0,N/A
consul,0/0,N/A,0,0,0,0,0,0,N/A
corporation,6/23,27,0,6,0,0,0,0,7
costas,0/0,N/A,0,0,0,0,0,0,N/A
cradle,0/0,N/A,0,0,0,0,0,0,N/A
crash,0/0,N/A,0,0,0,0,0,0,N/A
crossing,0/6,0,0,0,0,0,0,0,2
crumbs,0/0,N/A,0,0,0,0,0,0,N/A
customs,0/1,0,0,0,0,0,0,0,3
delight,0/4,0,0,0,0,0,0,0,5
device,29/4466,1,0,18,9,2,0,0,5
directions,0/11,0,0,0,0,0,0,0,1
discoveries,0/50,0,0,0,0,0,0,0,0
edward,0/0,N/A,0,0,0,0,0,0,N/A
electronic,0/0,N/A,0,0,0,0,0,0,N/A
equal,0/108,0,0,0,0,0,0,0,4
estimate,3/18,17,0,3,0,0,0,0,3
farther,0/0,N/A,0,0,0,0,0,0,N/A
favoured,0/0,N/A,0,0,0,0,0,0,N/A
floating,0/2,0,0,0,0,0,0,0,6
framework,0/14,0,0,0,0,0,0,0,6
fright,2/49,5,0,2,0,0,0,0,3
galileo,0/0,N/A,0,0,0,0,0,0,N/A
gang,1/3,34,0,1,0,0,0,0,5
gothic,0/0,N/A,0,0,0,0,0,0,N/A
guards,0/32,0,0,0,0,0,0,0,4
helped,0/35,0,0,0,0,0,0,0,1
highest,0/0,N/A,0,0,0,0,0,0,N/A
ideal,2/44,5,0,2,0,0,0,0,6
insurance,22/28,79,0,14,8,0,0,0,9
interrupted,0/48,0,0,0,0,0,0,0,3
intervals,0/71,0,0,0,0,0,0,0,1
invented,0/0,N/A,0,0,0,0,0,0,N/A
james,0/0,N/A,0,0,0,0,0,0,N/A
jury,6/6,100,0,6,0,0,0,0,8
kings,0/4,0,0,0,0,0,0,0,13
loaded,0/8,0,0,0,0,0,0,0,2
luxury,0/0,N/A,0,0,0,0,0,0,N/A
madame,0/0,N/A,0,0,0,0,0,0,N/A
marks,0/0,N/A,0,0,0,0,0,0,N/A
mars,0/0,N/A,0,0,0,0,0,0,N/A
minds,0/7,0,0,0,0,0,0,0,6
minor,0/53,0,0,0,0,0,0,0,5
monument,1/20,6,0,1,0,0,0,0,5
accompanied,0/7,0,0,0,0,0,0,0,1
activities,0/5223,0,0,0,0,0,0,0,1
affect,0/0,N/A,0,0,0,0,0,0,N/A
aloud,0/0,N/A,0,0,0,0,0,0,N/A
announced,0/28,0,0,0,0,0,0,0,1
apple,5/29,18,0,5,0,0,0,0,7
armed,0/3,0,0,0,0,0,0,0,1
ashamed,0/0,N/A,0,0,0,0,0,0,N/A
aspects,0/7,0,0,0,0,0,0,0,0
assistant,5/147,4,0,4,1,0,0,0,1
assume,0/8,0,0,0,0,0,0,0,2
au,0/5,0,0,0,0,0,0,0,9
belts,0/16,0,0,0,0,0,0,0,7
blown,0/8,0,0,0,0,0,0,0,1
bones,0/0,N/A,0,0,0,0,0,0,N/A
brick,4/9,45,0,4,0,0,0,0,3
cake,0/1,0,0,0,0,0,0,0,2
cars,0/76,0,0,0,0,0,0,0,5
cheap,0/0,N/A,0,0,0,0,0,0,N/A
cheeks,0/0,N/A,0,0,0,0,0,0,N/A
chestnut,0/0,N/A,0,0,0,0,0,0,N/A
chose,0/67,0,0,0,0,0,0,0,2
chosen,0/0,N/A,0,0,0,0,0,0,N/A
circumstances,0/61,0,0,0,0,0,0,0,3
claim,0/3,0,0,0,0,0,0,0,5
cleaning,3/45,7,0,3,0,0,0,0,2
cliff,0/2,0,0,0,0,0,0,0,2
coffin,0/2,0,0,0,0,0,0,0,2
comfortable,0/0,N/A,0,0,0,0,0,0,N/A
comrades,0/7,0,0,0,0,0,0,0,0
concept,4/609,1,0,4,0,0,0,0,7
considerable,0/0,N/A,0,0,0,0,0,0,N/A
constructed,0/20,0,0,0,0,0,0,0,3
consumption,0/52,0,0,0,0,0,0,0,3
crack,1/23,5,0,1,0,0,0,0,5
crowded,0/2,0,0,0,0,0,0,0,3
deeply,0/0,N/A,0,0,0,0,0,0,N/A
depth,0/10,0,0,0,0,0,0,0,5
discussion,0/11,0,0,0,0,0,0,0,1
divided,0/17,0,0,0,0,0,0,0,2
doorway,0/11,0,0,0,0,0,0,0,4
dozen,0/1,0,0,0,0,0,0,0,3
drag,0/3,0,0,0,0,0,0,0,8
drawer,0/0,N/A,0,0,0,0,0,0,N/A
dreadful,0/0,N/A,0,0,0,0,0,0,N/A
driven,0/6,0,0,0,0,0,0,0,0
drug,85/2184,4,0,18,39,16,4,8,7
eating,0/31,0,0,0,0,0,0,0,2
eggs,0/0,N/A,0,0,0,0,0,0,N/A
eurasian,0/0,N/A,0,0,0,0,0,0,N/A
evil,2/10,20,0,2,0,0,0,0,7
ex,0/0,N/A,0,0,0,0,0,0,N/A
exhaust,0/0,N/A,0,0,0,0,0,0,N/A
expecting,0/39,0,0,0,0,0,0,0,0
expressed,0/78,0,0,0,0,0,0,0,1
faded,0/0,N/A,0,0,0,0,0,0,N/A
fate,0/9,0,0,0,0,0,0,0,6
favour,0/0,N/A,0,0,0,0,0,0,N/A
follows,0/13,0,0,0,0,0,0,0,1
galleries,0/0,N/A,0,0,0,0,0,0,N/A
gently,0/0,N/A,0,0,0,0,0,0,N/A
geographical,0/0,N/A,0,0,0,0,0,0,N/A
goods,0/2,0,0,0,0,0,0,0,6
gown,6/10,60,0,6,0,0,0,0,6
granted,0/2,0,0,0,0,0,0,0,3
grin,0/2,0,0,0,0,0,0,0,2
guided,0/23,0,0,0,0,0,0,0,2
haired,0/0,N/A,0,0,0,0,0,0,N/A
happiness,0/6,0,0,0,0,0,0,0,2
hung,0/7,0,0,0,0,0,0,0,2
hurried,0/28,0,0,0,0,0,0,0,1
iceland,0/0,N/A,0,0,0,0,0,0,N/A
initiative,0/0,N/A,0,0,0,0,0,0,N/A
institute,0/0,N/A,0,0,0,0,0,0,N/A
jazz,0/0,N/A,0,0,0,0,0,0,N/A
jealous,0/0,N/A,0,0,0,0,0,0,N/A
knock,0/0,N/A,0,0,0,0,0,0,N/A
literary,0/0,N/A,0,0,0,0,0,0,N/A
magazine,4/9,45,0,4,0,0,0,0,3
maintained,0/38,0,0,0,0,0,0,0,2
meal,1/47,3,0,1,0,0,0,0,5
messages,0/60,0,0,0,0,0,0,0,3
models,0/14,0,0,0,0,0,0,0,9
aboard,0/0,N/A,0,0,0,0,0,0,N/A
absence,0/2,0,0,0,0,0,0,0,4
acquired,0/259,0,0,0,0,0,0,0,1
acts,0/0,N/A,0,0,0,0,0,0,N/A
agreement,15/98,16,0,6,0,9,0,0,5
analogous,0/0,N/A,0,0,0,0,0,0,N/A
angle,37/67,56,0,30,7,0,0,0,8
arrange,1/101,1,0,1,0,0,0,0,1
attached,0/241,0,0,0,0,0,0,0,2
basin,4/16,26,0,4,0,0,0,0,4
bee,18/26,70,0,11,7,0,0,0,10
bore,0/6,0,0,0,0,0,0,0,6
canyon,0/0,N/A,0,0,0,0,0,0,N/A
cigarettes,0/8,0,0,0,0,0,0,0,1
cities,0/3,0,0,0,0,0,0,0,10
comfort,0/10,0,0,0,0,0,0,0,1
commit,1/2,50,0,1,0,0,0,0,0
compared,0/3,0,0,0,0,0,0,0,1
connected,0/413,0,0,0,0,0,0,0,2
crate,0/3,0,0,0,0,0,0,0,5
crystal,1/94,2,0,1,0,0,0,0,2
cyril,0/0,N/A,0,0,0,0,0,0,N/A
defined,0/9,0,0,0,0,0,0,0,2
definitely,0/0,N/A,0,0,0,0,0,0,N/A
develop,0/1,0,0,0,0,0,0,0,1
dial,0/0,N/A,0,0,0,0,0,0,N/A
display,0/3,0,0,0,0,0,0,0,0
divorce,0/0,N/A,0,0,0,0,0,0,N/A
drugs,0/2184,0,0,0,0,0,0,0,6
economy,8/29,28,0,4,2,2,0,0,7
efficient,0/0,N/A,0,0,0,0,0,0,N/A
enabled,0/8,0,0,0,0,0,0,0,1
exact,0/3,0,0,0,0,0,0,0,1
exercise,14/74,19,0,13,1,0,0,0,3
explains,0/73,0,0,0,0,0,0,0,1
families,0/7,0,0,0,0,0,0,0,6
fan,3/5,60,0,2,1,0,0,0,6
fiction,1/48,3,0,0,1,0,0,0,3
finding,0/39,0,0,0,0,0,0,0,5
finds,0/0,N/A,0,0,0,0,0,0,N/A
foxy,0/0,N/A,0,0,0,0,0,0,N/A
healthy,0/0,N/A,0,0,0,0,0,0,N/A
helicopter,3/4,76,0,3,0,0,0,0,6
hill,4/13,31,0,2,2,0,0,0,3
industrial,0/0,N/A,0,0,0,0,0,0,N/A
installed,0/4,0,0,0,0,0,0,0,2
ions,0/8,0,0,0,0,0,0,0,7
joy,0/22,0,0,0,0,0,0,0,5
knocked,0/0,N/A,0,0,0,0,0,0,N/A
ladies,0/1,0,0,0,0,0,0,0,0
loss,3/26,12,0,1,2,0,0,0,9
lovely,0/0,N/A,0,0,0,0,0,0,N/A
majesty,0/0,N/A,0,0,0,0,0,0,N/A
maria,0/0,N/A,0,0,0,0,0,0,N/A
match,4/6,67,0,4,0,0,0,0,5
maths,0/70,0,0,0,0,0,0,0,11
measured,0/5,0,0,0,0,0,0,0,0
measures,1/17,6,0,0,1,0,0,0,5
mercy,0/8,0,0,0,0,0,0,0,4
milk,24/24,100,0,23,1,0,0,0,9
mills,0/0,N/A,0,0,0,0,0,0,N/A
mirrors,0/11,0,0,0,0,0,0,0,4
monster,1/52,2,0,1,0,0,0,0,2
admitted,0/16,0,0,0,0,0,0,0,1
affected,0/151,0,0,0,0,0,0,0,0
agent,4/175,3,0,4,0,0,0,0,7
alongside,0/0,N/A,0,0,0,0,0,0,N/A
anger,0/39,0,0,0,0,0,0,0,4
apply,2/96,3,0,1,1,0,0,0,3
arthur,0/0,N/A,0,0,0,0,0,0,N/A
attracted,0/10,0,0,0,0,0,0,0,2
attractions,0/31,0,0,0,0,0,0,0,3
automatically,0/0,N/A,0,0,0,0,0,0,N/A
bars,2/2,100,0,2,0,0,0,0,12
beast,1/2886,1,0,0,1,0,0,0,7
beaten,0/90,0,0,0,0,0,0,0,2
becoming,0/10,0,0,0,0,0,0,0,2
bird,149/1817,9,0,21,25,30,44,28,9
brie,0/0,N/A,0,0,0,0,0,0,N/A
bunk,0/0,N/A,0,0,0,0,0,0,N/A
candle,2/6,34,0,2,0,0,0,0,4
cape,0/2,0,0,0,0,0,0,0,2
cardiac,0/0,N/A,0,0,0,0,0,0,N/A
center,7/26,27,0,5,2,0,0,0,6
chain,1/2,50,0,1,0,0,0,0,4
chimney,0/4,0,0,0,0,0,0,0,1
climbed,0/5,0,0,0,0,0,0,0,0
clothing,5/970,1,0,4,0,1,0,0,1
column,0/0,N/A,0,0,0,0,0,0,N/A
companies,0/83,0,0,0,0,0,0,0,5
confess,0/0,N/A,0,0,0,0,0,0,N/A
corresponded,0/80,0,0,0,0,0,0,0,4
cotton,3/3,100,0,3,0,0,0,0,12
couch,1/15,7,0,0,1,0,0,0,4
counter,4/18,23,0,3,1,0,0,0,3
countrymen,0/0,N/A,0,0,0,0,0,0,N/A
crime,7/165,5,0,6,1,0,0,0,6
crimes,0/165,0,0,0,0,0,0,0,5
cups,0/14,0,0,0,0,0,0,0,5
cyanide,1/3,34,0,1,0,0,0,0,7
dealing,0/0,N/A,0,0,0,0,0,0,N/A
decide,0/112,0,0,0,0,0,0,0,1
discuss,0/0,N/A,0,0,0,0,0,0,N/A
diversity,1/1,100,0,1,0,0,0,0,3
don,0/0,N/A,0,0,0,0,0,0,N/A
drank,0/23,0,0,0,0,0,0,0,2
dressing,11/20,56,0,11,0,0,0,0,8
elbow,0/0,N/A,0,0,0,0,0,0,N/A
embrace,0/6,0,0,0,0,0,0,0,1
emotion,3/268,2,0,3,0,0,0,0,2
engaged,0/5,0,0,0,0,0,0,0,0
enter,2/131,2,0,1,0,1,0,0,2
exterior,0/4,0,0,0,0,0,0,0,0
external,0/0,N/A,0,0,0,0,0,0,N/A
fail,0/13,0,0,0,0,0,0,0,3
fairly,0/0,N/A,0,0,0,0,0,0,N/A
fed,0/0,N/A,0,0,0,0,0,0,N/A
fiscal,0/0,N/A,0,0,0,0,0,0,N/A
fog,2/6,34,0,2,0,0,0,0,5
fortress,0/4,0,0,0,0,0,0,0,1
fountain,2/3,67,0,2,0,0,0,0,5
furious,0/0,N/A,0,0,0,0,0,0,N/A
grass,177/480,37,0,74,68,25,10,0,9
guerrilla,1/3,34,0,1,0,0,0,0,1
hamilton,0/0,N/A,0,0,0,0,0,0,N/A
hearts,0/0,N/A,0,0,0,0,0,0,N/A
hi,0/0,N/A,0,0,0,0,0,0,N/A
hid,0/38,0,0,0,0,0,0,0,5
holland,0/0,N/A,0,0,0,0,0,0,N/A
honour,0/16,0,0,0,0,0,0,0,1
hungry,0/0,N/A,0,0,0,0,0,0,N/A
immediate,0/0,N/A,0,0,0,0,0,0,N/A
incredible,0/0,N/A,0,0,0,0,0,0,N/A
india,0/0,N/A,0,0,0,0,0,0,N/A
intent,0/7,0,0,0,0,0,0,0,1
japan,0/0,N/A,0,0,0,0,0,0,N/A
johnson,0/0,N/A,0,0,0,0,0,0,N/A
jupiter,0/0,N/A,0,0,0,0,0,0,N/A
lane,0/0,N/A,0,0,0,0,0,0,N/A
lever,3/79,4,0,3,0,0,0,0,5
liberation,0/22,0,0,0,0,0,0,0,1
library,0/0,N/A,0,0,0,0,0,0,N/A
limits,0/12,0,0,0,0,0,0,0,4
magnetic,0/0,N/A,0,0,0,0,0,0,N/A
mainland,0/0,N/A,0,0,0,0,0,0,N/A
mare,2/2,100,0,2,0,0,0,0,6
marriage,6/21,29,0,6,0,0,0,0,3
meetings,0/28,0,0,0,0,0,0,0,4
mount,1/29,4,0,1,0,0,0,0,5
moves,0/44,0,0,0,0,0,0,0,5
abruptly,0/0,N/A,0,0,0,0,0,0,N/A
admiral,0/0,N/A,0,0,0,0,0,0,N/A
adopted,0/2,0,0,0,0,0,0,0,1
advice,1/11,10,0,1,0,0,0,0,5
affair,0/1,0,0,0,0,0,0,0,0
agents,0/175,0,0,0,0,0,0,0,6
apparently,0/0,N/A,0,0,0,0,0,0,N/A
armchair,0/10,0,0,0,0,0,0,0,4
artificial,0/0,N/A,0,0,0,0,0,0,N/A
atom,2/17,12,0,2,0,0,0,0,7
badly,0/0,N/A,0,0,0,0,0,0,N/A
bath,0/0,N/A,0,0,0,0,0,0,N/A
bergen,0/0,N/A,0,0,0,0,0,0,N/A
blanket,3/6,50,0,3,0,0,0,0,5
breathe,2/39,6,0,2,0,0,0,0,0
brest,0/0,N/A,0,0,0,0,0,0,N/A
brief,1/1,100,0,1,0,0,0,0,15
bronze,6/8,76,0,6,0,0,0,0,7
bullet,2/5,40,0,2,0,0,0,0,6
buying,2/6,34,0,2,0,0,0,0,6
cage,2/4,50,0,2,0,0,0,0,6
calling,0/10,0,0,0,0,0,0,0,5
camera,13/15,87,0,12,1,0,0,0,8
carefree,0/0,N/A,0,0,0,0,0,0,N/A
causes,0/17,0,0,0,0,0,0,0,7
celebrate,0/5,0,0,0,0,0,0,0,1
chairs,0/48,0,0,0,0,0,0,0,6
chamber,12/78,16,0,7,5,0,0,0,5
chancel,0/0,N/A,0,0,0,0,0,0,N/A
civilization,0/2,0,0,0,0,0,0,0,4
classical,0/22,0,0,0,0,0,0,0,1
clerk,10/20,50,0,9,1,0,0,0,5
confused,0/0,N/A,0,0,0,0,0,0,N/A
conscience,1/6,17,0,1,0,0,0,0,4
cruise,0/0,N/A,0,0,0,0,0,0,N/A
cultural,0/0,N/A,0,0,0,0,0,0,N/A
dairy,0/0,N/A,0,0,0,0,0,0,N/A
damn,0/0,N/A,0,0,0,0,0,0,N/A
damp,0/3,0,0,0,0,0,0,0,5
darling,0/4,0,0,0,0,0,0,0,3
dates,0/5,0,0,0,0,0,0,0,5
dawn,0/0,N/A,0,0,0,0,0,0,N/A
dealt,0/7,0,0,0,0,0,0,0,4
dedicated,0/4,0,0,0,0,0,0,0,1
defeat,0/14,0,0,0,0,0,0,0,2
delay,0/3,0,0,0,0,0,0,0,5
demanded,0/9,0,0,0,0,0,0,0,3
demands,0/13,0,0,0,0,0,0,0,1
devoted,0/4,0,0,0,0,0,0,0,1
dialogue,0/0,N/A,0,0,0,0,0,0,N/A
difficulties,0/2,0,0,0,0,0,0,0,4
dioxide,5/9,56,0,5,0,0,0,0,6
dodo,0/0,N/A,0,0,0,0,0,0,N/A
eaten,0/43,0,0,0,0,0,0,0,2
einstein,0/0,N/A,0,0,0,0,0,0,N/A
emission,0/4,0,0,0,0,0,0,0,2
emperor,0/9,0,0,0,0,0,0,0,3
equipped,0/38,0,0,0,0,0,0,0,1
execution,0/9,0,0,0,0,0,0,0,2
failed,0/13,0,0,0,0,0,0,0,1
fireplace,0/2,0,0,0,0,0,0,0,3
firm,4/45,9,0,4,0,0,0,0,11
florence,0/0,N/A,0,0,0,0,0,0,N/A
fortunately,0/0,N/A,0,0,0,0,0,0,N/A
foundation,0/5,0,0,0,0,0,0,0,1
fuse,2/4,50,0,2,0,0,0,0,8
gases,0/0,N/A,0,0,0,0,0,0,N/A
glanced,0/0,N/A,0,0,0,0,0,0,N/A
golf,4/8,50,0,4,0,0,0,0,8
hamburg,0/0,N/A,0,0,0,0,0,0,N/A
honey,0/0,N/A,0,0,0,0,0,0,N/A
hood,0/1,0,0,0,0,0,0,0,2
hook,0/0,N/A,0,0,0,0,0,0,N/A
horizon,0/0,N/A,0,0,0,0,0,0,N/A
housing,1/208,1,0,1,0,0,0,0,3
immense,0/0,N/A,0,0,0,0,0,0,N/A
immune,1/2,50,0,1,0,0,0,0,5
impressive,0/0,N/A,0,0,0,0,0,0,N/A
inspiration,0/7,0,0,0,0,0,0,0,5
institution,7/443,2,0,3,3,1,0,0,3
intelligent,0/0,N/A,0,0,0,0,0,0,N/A
irritably,0/0,N/A,0,0,0,0,0,0,N/A
lamb,3/7,43,0,3,0,0,0,0,3
landing,0/0,N/A,0,0,0,0,0,0,N/A
laser,0/0,N/A,0,0,0,0,0,0,N/A
lid,0/0,N/A,0,0,0,0,0,0,N/A
lieutenant,5/5,100,0,5,0,0,0,0,5
lump,0/6,0,0,0,0,0,0,0,2
monopoly,0/1,0,0,0,0,0,0,0,2
admit,0/16,0,0,0,0,0,0,0,4
adriatic,0/0,N/A,0,0,0,0,0,0,N/A
afford,0/0,N/A,0,0,0,0,0,0,N/A
appeal,0/21,0,0,0,0,0,0,0,2
arrival,0/3,0,0,0,0,0,0,0,1
awful,0/0,N/A,0,0,0,0,0,0,N/A
bears,0/34,0,0,0,0,0,0,0,9
beating,0/0,N/A,0,0,0,0,0,0,N/A
beings,0/105,0,0,0,0,0,0,0,4
benefit,7/21,34,0,6,1,0,0,0,5
boar,0/0,N/A,0,0,0,0,0,0,N/A
bombs,1/68,2,0,1,0,0,0,0,7
broad,0/0,N/A,0,0,0,0,0,0,N/A
buffalo,0/0,N/A,0,0,0,0,0,0,N/A
burn,0/0,N/A,0,0,0,0,0,0,N/A
calls,0/12,0,0,0,0,0,0,0,7
campaign,2/4,50,0,2,0,0,0,0,8
caribbean,0/0,N/A,0,0,0,0,0,0,N/A
catalytic,0/0,N/A,0,0,0,0,0,0,N/A
catholic,0/16,0,0,0,0,0,0,0,4
ceremony,3/46,7,0,2,1,0,0,0,4
certainty,0/11,0,0,0,0,0,0,0,2
charged,0/0,N/A,0,0,0,0,0,0,N/A
cinema,0/1,0,0,0,0,0,0,0,8
circular,0/1,0,0,0,0,0,0,0,0
clapper,0/0,N/A,0,0,0,0,0,0,N/A
cloud,3/25,12,0,3,0,0,0,0,4
collective,1/3,34,0,1,0,0,0,0,0
comparison,0/5,0,0,0,0,0,0,0,0
composed,0/0,N/A,0,0,0,0,0,0,N/A
cone,0/0,N/A,0,0,0,0,0,0,N/A
constantinople,0/0,N/A,0,0,0,0,0,0,N/A
controls,0/17,0,0,0,0,0,0,0,2
crews,0/5,0,0,0,0,0,0,0,7
criminal,2/195,2,0,2,0,0,0,0,2
curly,0/0,N/A,0,0,0,0,0,0,N/A
cushion,1/2,50,0,1,0,0,0,0,4
cycle,0/0,N/A,0,0,0,0,0,0,N/A
deaths,0/17,0,0,0,0,0,0,0,4
decisive,0/0,N/A,0,0,0,0,0,0,N/A
deliver,0/1,0,0,0,0,0,0,0,3
devon,0/0,N/A,0,0,0,0,0,0,N/A
dictatorship,0/1,0,0,0,0,0,0,0,0
disappear,0/20,0,0,0,0,0,0,0,2
discipline,2/969,1,0,2,0,0,0,0,2
disease,112/1151,10,0,26,39,37,8,2,8
distinguish,1/42,3,0,1,0,0,0,0,2
dominate,0/6,0,0,0,0,0,0,0,2
edition,2/3,67,0,2,0,0,0,0,7
engage,0/5,0,0,0,0,0,0,0,1
establishment,0/11,0,0,0,0,0,0,0,0
ether,0/0,N/A,0,0,0,0,0,0,N/A
executive,4/34,12,0,2,2,0,0,0,8
expanding,0/2,0,0,0,0,0,0,0,1
facing,0/0,N/A,0,0,0,0,0,0,N/A
faithful,0/0,N/A,0,0,0,0,0,0,N/A
fashioned,0/9,0,0,0,0,0,0,0,2
fig,0/0,N/A,0,0,0,0,0,0,N/A
films,0/37,0,0,0,0,0,0,0,6
fired,0/0,N/A,0,0,0,0,0,0,N/A
fitted,0/0,N/A,0,0,0,0,0,0,N/A
flap,3/23,14,0,3,0,0,0,0,3
folded,0/31,0,0,0,0,0,0,0,1
folly,0/7,0,0,0,0,0,0,0,6
footman,0/0,N/A,0,0,0,0,0,0,N/A
forgive,0/18,0,0,0,0,0,0,0,0
fortune,0/6,0,0,0,0,0,0,0,1
fought,0/132,0,0,0,0,0,0,0,2
fragment,1/33,4,0,1,0,0,0,0,1
frequent,0/0,N/A,0,0,0,0,0,0,N/A
frequently,0/0,N/A,0,0,0,0,0,0,N/A
gabriel,0/0,N/A,0,0,0,0,0,0,N/A
goal,1/28,4,0,1,0,0,0,0,3
grounds,0/783,0,0,0,0,0,0,0,6
growth,0/57,0,0,0,0,0,0,0,6
guest,4/4,100,0,4,0,0,0,0,7
hearing,3/4,76,0,3,0,0,0,0,9
heavens,0/0,N/A,0,0,0,0,0,0,N/A
horn,0/0,N/A,0,0,0,0,0,0,N/A
hunt,0/0,N/A,0,0,0,0,0,0,N/A
hydrogen,0/1,0,0,0,0,0,0,0,0
images,0/14,0,0,0,0,0,0,0,7
imperial,0/0,N/A,0,0,0,0,0,0,N/A
influenza,2/4,50,0,2,0,0,0,0,4
ink,8/8,100,0,7,1,0,0,0,9
instructions,0/0,N/A,0,0,0,0,0,0,N/A
italians,0/20,0,0,0,0,0,0,0,0
kilowatt,0/0,N/A,0,0,0,0,0,0,N/A
knee,0/0,N/A,0,0,0,0,0,0,N/A
knife,28/44,64,0,18,10,0,0,0,6
labyrinth,0/0,N/A,0,0,0,0,0,0,N/A
lap,0/0,N/A,0,0,0,0,0,0,N/A
latest,0/0,N/A,0,0,0,0,0,0,N/A
lean,0/0,N/A,0,0,0,0,0,0,N/A
lenin,0/0,N/A,0,0,0,0,0,0,N/A
loudly,0/0,N/A,0,0,0,0,0,0,N/A
maps,0/13,0,0,0,0,0,0,0,7
mary,0/0,N/A,0,0,0,0,0,0,N/A
masses,0/12,0,0,0,0,0,0,0,3
meanwhile,0/1,0,0,0,0,0,0,0,3
mediterraneans,0/1,0,0,0,0,0,0,0,2
mesa,0/0,N/A,0,0,0,0,0,0,N/A
mood,1/28,4,0,0,1,0,0,0,5
motive,3/80,4,0,3,0,0,0,0,5
abundant,0/0,N/A,0,0,0,0,0,0,N/A
admission,1/3,34,0,1,0,0,0,0,1
aegean,0/0,N/A,0,0,0,0,0,0,N/A
alley,0/0,N/A,0,0,0,0,0,0,N/A
alter,2/3030,1,0,1,1,0,0,0,3
alum,0/0,N/A,0,0,0,0,0,0,N/A
analysis,17/49,35,0,7,6,4,0,0,8
ankle,0/0,N/A,0,0,0,0,0,0,N/A
apartments,0/18,0,0,0,0,0,0,0,1
arcade,2/2,100,0,2,0,0,0,0,8
arguments,0/19,0,0,0,0,0,0,0,2
assembled,0/13,0,0,0,0,0,0,0,1
assets,4/382,2,0,4,0,0,0,0,6
attic,0/4,0,0,0,0,0,0,0,1
authorities,0/36,0,0,0,0,0,0,0,3
balcony,1/3,34,0,1,0,0,0,0,2
balls,0/44,0,0,0,0,0,0,0,5
bathroom,0/0,N/A,0,0,0,0,0,0,N/A
belong,0/0,N/A,0,0,0,0,0,0,N/A
belonged,0/0,N/A,0,0,0,0,0,0,N/A
bend,0/1,0,0,0,0,0,0,0,2
blade,0/0,N/A,0,0,0,0,0,0,N/A
bold,0/0,N/A,0,0,0,0,0,0,N/A
brush,1/8,13,0,1,0,0,0,0,5
bunch,0/10,0,0,0,0,0,0,0,3
burned,0/4,0,0,0,0,0,0,0,1
cabinet,2/5,40,0,2,0,0,0,0,6
calais,0/0,N/A,0,0,0,0,0,0,N/A
canal,0/0,N/A,0,0,0,0,0,0,N/A
cardinal,0/1,0,0,0,0,0,0,0,4
chateau,0/0,N/A,0,0,0,0,0,0,N/A
climate,0/0,N/A,0,0,0,0,0,0,N/A
code,8/18,45,0,6,2,0,0,0,7
collected,0/20,0,0,0,0,0,0,0,2
concertina,0/0,N/A,0,0,0,0,0,0,N/A
concluded,0/23,0,0,0,0,0,0,0,1
containing,0/0,N/A,0,0,0,0,0,0,N/A
contract,21/46,46,0,20,1,0,0,0,8
county,0/2,0,0,0,0,0,0,0,4
covering,2/303,1,0,1,1,0,0,0,1
dared,0/0,N/A,0,0,0,0,0,0,N/A
david,0/0,N/A,0,0,0,0,0,0,N/A
deliberately,0/0,N/A,0,0,0,0,0,0,N/A
demand,0/13,0,0,0,0,0,0,0,2
denounce,0/7,0,0,0,0,0,0,0,0
dependent,0/2,0,0,0,0,0,0,0,3
depths,0/10,0,0,0,0,0,0,0,4
desert,0/0,N/A,0,0,0,0,0,0,N/A
determined,0/34,0,0,0,0,0,0,0,3
dictionary,9/13,70,0,9,0,0,0,0,7
din,0/0,N/A,0,0,0,0,0,0,N/A
dome,0/0,N/A,0,0,0,0,0,0,N/A
dragged,0/7,0,0,0,0,0,0,0,1
drops,0/2,0,0,0,0,0,0,0,3
ease,0/4,0,0,0,0,0,0,0,7
eiffel,0/0,N/A,0,0,0,0,0,0,N/A
enable,0/8,0,0,0,0,0,0,0,0
enemies,0/0,N/A,0,0,0,0,0,0,N/A
entertainment,0/112,0,0,0,0,0,0,0,2
establish,0/0,N/A,0,0,0,0,0,0,N/A
everyday,0/0,N/A,0,0,0,0,0,0,N/A
evoke,0/234,0,0,0,0,0,0,0,3
exception,0/0,N/A,0,0,0,0,0,0,N/A
exhibition,0/2,0,0,0,0,0,0,0,2
experiment,2/4,50,0,2,0,0,0,0,7
fantasy,2/8,26,0,2,0,0,0,0,4
feelings,0/0,N/A,0,0,0,0,0,0,N/A
filter,8/24,34,0,7,1,0,0,0,5
finite,0/0,N/A,0,0,0,0,0,0,N/A
forbidden,0/13,0,0,0,0,0,0,0,2
fourteen,0/0,N/A,0,0,0,0,0,0,N/A
genius,0/6,0,0,0,0,0,0,0,6
genuine,0/0,N/A,0,0,0,0,0,0,N/A
glimpse,0/3,0,0,0,0,0,0,0,4
glorious,0/0,N/A,0,0,0,0,0,0,N/A
harsh,0/0,N/A,0,0,0,0,0,0,N/A
headquarters,0/1,0,0,0,0,0,0,0,4
helps,0/89,0,0,0,0,0,0,0,5
holes,0/19,0,0,0,0,0,0,0,3
hoped,0/0,N/A,0,0,0,0,0,0,N/A
impatiently,0/0,N/A,0,0,0,0,0,0,N/A
invitation,0/3,0,0,0,0,0,0,0,3
ireland,0/0,N/A,0,0,0,0,0,0,N/A
isle,0/0,N/A,0,0,0,0,0,0,N/A
jack,0/0,N/A,0,0,0,0,0,0,N/A
keen,0/0,N/A,0,0,0,0,0,0,N/A
lace,3/5,60,0,3,0,0,0,0,6
limit,0/12,0,0,0,0,0,0,0,5
meantime,0/1,0,0,0,0,0,0,0,4
meat,12/273,5,0,9,3,0,0,0,5
merry,0/0,N/A,0,0,0,0,0,0,N/A
method,9/127,8,0,4,4,1,0,0,9
modest,0/0,N/A,0,0,0,0,0,0,N/A
monday,1/2,50,0,1,0,0,0,0,6
absurd,0/0,N/A,0,0,0,0,0,0,N/A
accord,0/9,0,0,0,0,0,0,0,8
accuracy,0/7,0,0,0,0,0,0,0,2
adapted,0/24,0,0,0,0,0,0,0,1
african,1/94,2,0,1,0,0,0,0,1
aged,0/0,N/A,0,0,0,0,0,0,N/A
alarm,0/0,N/A,0,0,0,0,0,0,N/A
ambition,0/3,0,0,0,0,0,0,0,4
aristotle,0/0,N/A,0,0,0,0,0,0,N/A
article,4/19,22,0,4,0,0,0,0,3
aspect,0/7,0,0,0,0,0,0,0,1
associated,0/29,0,0,0,0,0,0,0,2
barrel,0/0,N/A,0,0,0,0,0,0,N/A
beach,0/1,0,0,0,0,0,0,0,1
blank,0/0,N/A,0,0,0,0,0,0,N/A
blew,0/8,0,0,0,0,0,0,0,2
borne,0/1,0,0,0,0,0,0,0,1
bosporus,0/0,N/A,0,0,0,0,0,0,N/A
boulevard,0/0,N/A,0,0,0,0,0,0,N/A
briefcase,0/2,0,0,0,0,0,0,0,1
bristol,0/0,N/A,0,0,0,0,0,0,N/A
bucket,3/11,28,0,3,0,0,0,0,4
cable,0/0,N/A,0,0,0,0,0,0,N/A
canadian,0/7,0,0,0,0,0,0,0,1
cannon,0/8,0,0,0,0,0,0,0,4
cellars,0/1,0,0,0,0,0,0,0,3
champ,0/2,0,0,0,0,0,0,0,9
charm,0/3,0,0,0,0,0,0,0,6
cheerful,0/0,N/A,0,0,0,0,0,0,N/A
childish,0/0,N/A,0,0,0,0,0,0,N/A
clung,0/5,0,0,0,0,0,0,0,7
clutch,0/27,0,0,0,0,0,0,0,4
collar,7/14,50,0,7,0,0,0,0,4
columbus,0/0,N/A,0,0,0,0,0,0,N/A
comments,0/35,0,0,0,0,0,0,0,0
compass,4/4,100,0,2,2,0,0,0,7
composition,0/0,N/A,0,0,0,0,0,0,N/A
condemned,0/0,N/A,0,0,0,0,0,0,N/A
confession,0/2,0,0,0,0,0,0,0,6
consulate,0/0,N/A,0,0,0,0,0,0,N/A
contribution,0/1,0,0,0,0,0,0,0,8
cooling,0/10,0,0,0,0,0,0,0,4
coral,0/0,N/A,0,0,0,0,0,0,N/A
credit,0/9,0,0,0,0,0,0,0,4
criminals,0/195,0,0,0,0,0,0,0,1
crushed,0/6,0,0,0,0,0,0,0,1
curtains,0/10,0,0,0,0,0,0,0,3
cutting,0/0,N/A,0,0,0,0,0,0,N/A
da,0/0,N/A,0,0,0,0,0,0,N/A
daylight,0/7,0,0,0,0,0,0,0,0
defence,0/18,0,0,0,0,0,0,0,7
depot,2/16,13,0,2,0,0,0,0,8
despair,0/0,N/A,0,0,0,0,0,0,N/A
destruction,1/34,3,0,1,0,0,0,0,0
dim,0/0,N/A,0,0,0,0,0,0,N/A
dimensional,0/0,N/A,0,0,0,0,0,0,N/A
distinction,1/9,12,0,1,0,0,0,0,1
doppler,0/0,N/A,0,0,0,0,0,0,N/A
drove,0/0,N/A,0,0,0,0,0,0,N/A
dunkirk,0/0,N/A,0,0,0,0,0,0,N/A
egg,0/6,0,0,0,0,0,0,0,3
eighteen,0/0,N/A,0,0,0,0,0,0,N/A
elements,0/0,N/A,0,0,0,0,0,0,N/A
episode,0/5,0,0,0,0,0,0,0,2
examination,5/67,8,0,5,0,0,0,0,1
examine,3/97,4,0,1,1,1,0,0,1
examined,0/97,0,0,0,0,0,0,0,0
extend,0/6,0,0,0,0,0,0,0,4
eyed,0/0,N/A,0,0,0,0,0,0,N/A
failure,0/35,0,0,0,0,0,0,0,2
fifth,0/0,N/A,0,0,0,0,0,0,N/A
fisherman,0/3,0,0,0,0,0,0,0,2
fix,0/2,0,0,0,0,0,0,0,11
flags,0/37,0,0,0,0,0,0,0,5
flame,0/5,0,0,0,0,0,0,0,5
flew,0/7,0,0,0,0,0,0,0,1
fond,0/0,N/A,0,0,0,0,0,0,N/A
footsteps,0/1,0,0,0,0,0,0,0,3
foreigners,0/8,0,0,0,0,0,0,0,2
forgetting,0/4,0,0,0,0,0,0,0,2
formation,1/55,2,0,1,0,0,0,0,1
fort,0/0,N/A,0,0,0,0,0,0,N/A
franklin,0/0,N/A,0,0,0,0,0,0,N/A
frightening,0/0,N/A,0,0,0,0,0,0,N/A
gangster,0/3,0,0,0,0,0,0,0,2
gates,0/0,N/A,0,0,0,0,0,0,N/A
genre,0/0,N/A,0,0,0,0,0,0,N/A
geography,2/5,40,0,2,0,0,0,0,5
ghost,0/0,N/A,0,0,0,0,0,0,N/A
grace,0/0,N/A,0,0,0,0,0,0,N/A
grandmother,0/1,0,0,0,0,0,0,0,7
grasp,0/1,0,0,0,0,0,0,0,1
greatly,0/0,N/A,0,0,0,0,0,0,N/A
heavily,0/0,N/A,0,0,0,0,0,0,N/A
hedge,1/3,34,0,1,0,0,0,0,6
hiv,0/0,N/A,0,0,0,0,0,0,N/A
horizons,0/0,N/A,0,0,0,0,0,0,N/A
imposed,0/0,N/A,0,0,0,0,0,0,N/A
independent,0/0,N/A,0,0,0,0,0,0,N/A
indispensable,0/0,N/A,0,0,0,0,0,0,N/A
inheritance,0/0,N/A,0,0,0,0,0,0,N/A
initial,0/0,N/A,0,0,0,0,0,0,N/A
invite,0/0,N/A,0,0,0,0,0,0,N/A
isolated,0/10,0,0,0,0,0,0,0,1
jungle,1/1,100,0,1,0,0,0,0,10
junior,0/0,N/A,0,0,0,0,0,0,N/A
junta,0/0,N/A,0,0,0,0,0,0,N/A
keeps,0/7,0,0,0,0,0,0,0,7
kick,8/10,80,0,5,2,1,0,0,5
lasted,0/7,0,0,0,0,0,0,0,1
legendary,0/0,N/A,0,0,0,0,0,0,N/A
likewise,0/0,N/A,0,0,0,0,0,0,N/A
lined,0/2,0,0,0,0,0,0,0,1
literally,0/0,N/A,0,0,0,0,0,0,N/A
lotus,0/0,N/A,0,0,0,0,0,0,N/A
loyalty,0/12,0,0,0,0,0,0,0,5
luckily,0/0,N/A,0,0,0,0,0,0,N/A
lyon,0/0,N/A,0,0,0,0,0,0,N/A
majority,0/0,N/A,0,0,0,0,0,0,N/A
martin,0/0,N/A,0,0,0,0,0,0,N/A
maser,1/1,100,0,1,0,0,0,0,5
mechanical,0/0,N/A,0,0,0,0,0,0,N/A
medical,0/0,N/A,0,0,0,0,0,0,N/A
midnight,0/0,N/A,0,0,0,0,0,0,N/A
mild,0/0,N/A,0,0,0,0,0,0,N/A
missed,0/1,0,0,0,0,0,0,0,2
missing,0/1,0,0,0,0,0,0,0,1
mixture,3/245,2,0,3,0,0,0,0,5
monstrous,0/0,N/A,0,0,0,0,0,0,N/A
mouthful,0/0,N/A,0,0,0,0,0,0,N/A
abandon,0/0,N/A,0,0,0,0,0,0,N/A
abandoned,0/11,0,0,0,0,0,0,0,1
achieve,0/15,0,0,0,0,0,0,0,0
advisable,0/0,N/A,0,0,0,0,0,0,N/A
advise,1/32,4,0,1,0,0,0,0,2
ambitions,0/3,0,0,0,0,0,0,0,3
anne,0/0,N/A,0,0,0,0,0,0,N/A
apparatus,1/115,1,0,1,0,0,0,0,3
approximately,0/0,N/A,0,0,0,0,0,0,N/A
archbishop,0/1,0,0,0,0,0,0,0,2
articles,0/19,0,0,0,0,0,0,0,2
ash,2/2,100,0,2,0,0,0,0,5
assumed,0/8,0,0,0,0,0,0,0,1
astronomy,1/10,10,0,1,0,0,0,0,3
aunt,3/3,100,0,3,0,0,0,0,6
aurora,0/0,N/A,0,0,0,0,0,0,N/A
babies,0/32,0,0,0,0,0,0,0,6
bigger,0/0,N/A,0,0,0,0,0,0,N/A
bishop,2/12,17,0,2,0,0,0,0,3
bite,2/2,100,0,2,0,0,0,0,5
blades,0/0,N/A,0,0,0,0,0,0,N/A
blouse,1/6,17,0,1,0,0,0,0,4
bretons,0/0,N/A,0,0,0,0,0,0,N/A
buckle,1/1,100,0,1,0,0,0,0,6
businessmen,0/0,N/A,0,0,0,0,0,0,N/A
butter,6/9,67,0,6,0,0,0,0,6
canteen,0/0,N/A,0,0,0,0,0,0,N/A
cardboard,1/12,9,0,1,0,0,0,0,3
cart,11/20,56,0,10,1,0,0,0,5
cartographic,0/0,N/A,0,0,0,0,0,0,N/A
cave,1/4,26,0,1,0,0,0,0,2
characteristics,0/41,0,0,0,0,0,0,0,2
cheese,21/53,40,0,19,2,0,0,0,5
chorus,0/0,N/A,0,0,0,0,0,0,N/A
christmas,0/0,N/A,0,0,0,0,0,0,N/A
citizen,2/17,12,0,2,0,0,0,0,3
coarse,0/0,N/A,0,0,0,0,0,0,N/A
columns,0/0,N/A,0,0,0,0,0,0,N/A
commonplace,0/0,N/A,0,0,0,0,0,0,N/A
conceived,0/4,0,0,0,0,0,0,0,1
concentration,3/14,22,0,3,0,0,0,0,3
conflict,0/75,0,0,0,0,0,0,0,1
conflicts,0/75,0,0,0,0,0,0,0,0
connect,4/413,1,0,1,2,1,0,0,0
consensus,0/0,N/A,0,0,0,0,0,0,N/A
construct,0/609,0,0,0,0,0,0,0,5
container,2/1210,1,0,1,1,0,0,0,0
contains,0/0,N/A,0,0,0,0,0,0,N/A
converter,12/17,71,0,6,6,0,0,0,8
cooperation,0/46,0,0,0,0,0,0,0,0
corresponding,0/80,0,0,0,0,0,0,0,5
corridors,0/4,0,0,0,0,0,0,0,2
creating,0/1213,0,0,0,0,0,0,0,0
creatures,0/2886,0,0,0,0,0,0,0,3
croquet,0/0,N/A,0,0,0,0,0,0,N/A
crumpled,0/0,N/A,0,0,0,0,0,0,N/A
crying,0/6,0,0,0,0,0,0,0,1
culture,11/24,46,0,8,3,0,0,0,12
currents,0/2,0,0,0,0,0,0,0,4
dancing,23/155,15,0,7,6,9,1,0,3
debate,0/1,0,0,0,0,0,0,0,4
definition,7/7,100,0,7,0,0,0,0,10
departure,0/46,0,0,0,0,0,0,0,1
desperate,0/2,0,0,0,0,0,0,0,3
destiny,0/9,0,0,0,0,0,0,0,3
dirt,0/73,0,0,0,0,0,0,0,5
disposal,0/0,N/A,0,0,0,0,0,0,N/A
dormant,0/0,N/A,0,0,0,0,0,0,N/A
dried,0/16,0,0,0,0,0,0,0,3
eagerly,0/0,N/A,0,0,0,0,0,0,N/A
edwin,0/0,N/A,0,0,0,0,0,0,N/A
egypt,0/0,N/A,0,0,0,0,0,0,N/A
elastic,0/0,N/A,0,0,0,0,0,0,N/A
emerged,0/2,0,0,0,0,0,0,0,1
encouraged,0/11,0,0,0,0,0,0,0,3
ensemble,0/6,0,0,0,0,0,0,0,1
ensure,0/2,0,0,0,0,0,0,0,2
est,0/0,N/A,0,0,0,0,0,0,N/A
eternal,0/0,N/A,0,0,0,0,0,0,N/A
evident,0/0,N/A,0,0,0,0,0,0,N/A
existing,0/33,0,0,0,0,0,0,0,0
expedition,0/1,0,0,0,0,0,0,0,2
exploitation,1/15,7,0,1,0,0,0,0,3
explosion,2/13,16,0,0,0,2,0,0,1
female,1/4,26,0,1,0,0,0,0,0
fierce,0/0,N/A,0,0,0,0,0,0,N/A
fitting,0/4,0,0,0,0,0,0,0,5
florida,0/0,N/A,0,0,0,0,0,0,N/A
fold,0/15,0,0,0,0,0,0,0,4
friendly,0/0,N/A,0,0,0,0,0,0,N/A
funeral,0/6,0,0,0,0,0,0,0,3
galaxy,0/0,N/A,0,0,0,0,0,0,N/A
gazed,0/4,0,0,0,0,0,0,0,4
genetic,0/0,N/A,0,0,0,0,0,0,N/A
gloves,0/0,N/A,0,0,0,0,0,0,N/A
grain,0/6,0,0,0,0,0,0,0,5
guilt,2/11,19,0,2,0,0,0,0,8
habits,0/0,N/A,0,0,0,0,0,0,N/A
handkerchief,1/3,34,0,1,0,0,0,0,0
hectares,0/0,N/A,0,0,0,0,0,0,N/A
holy,0/0,N/A,0,0,0,0,0,0,N/A
honest,0/0,N/A,0,0,0,0,0,0,N/A
hostile,0/0,N/A,0,0,0,0,0,0,N/A
hotels,0/30,0,0,0,0,0,0,0,3
idiot,0/1,0,0,0,0,0,0,0,5
illusion,0/18,0,0,0,0,0,0,0,2
improve,0/240,0,0,0,0,0,0,0,0
inch,0/0,N/A,0,0,0,0,0,0,N/A
independence,0/15,0,0,0,0,0,0,0,0
indicate,0/25,0,0,0,0,0,0,0,0
initiatives,0/0,N/A,0,0,0,0,0,0,N/A
instantly,0/0,N/A,0,0,0,0,0,0,N/A
irish,0/0,N/A,0,0,0,0,0,0,N/A
issues,0/6,0,0,0,0,0,0,0,9
jelly,1/5,20,0,1,0,0,0,0,5
joseph,0/0,N/A,0,0,0,0,0,0,N/A
keys,0/7,0,0,0,0,0,0,0,6
kidnapped,0/2,0,0,0,0,0,0,0,1
kinds,0/53,0,0,0,0,0,0,0,7
label,0/0,N/A,0,0,0,0,0,0,N/A
lavatory,1/19,6,0,1,0,0,0,0,2
layout,0/0,N/A,0,0,0,0,0,0,N/A
lifted,0/41,0,0,0,0,0,0,0,0
lilac,6/14,43,0,6,0,0,0,0,11
luke,0/0,N/A,0,0,0,0,0,0,N/A
manor,0/0,N/A,0,0,0,0,0,0,N/A
masterpiece,0/0,N/A,0,0,0,0,0,0,N/A
maze,0/0,N/A,0,0,0,0,0,0,N/A
measurements,0/90,0,0,0,0,0,0,0,2
membrane,0/4,0,0,0,0,0,0,0,2
miracle,0/0,N/A,0,0,0,0,0,0,N/A
mission,0/0,N/A,0,0,0,0,0,0,N/A
momentary,0/0,N/A,0,0,0,0,0,0,N/A
monuments,0/20,0,0,0,0,0,0,0,4
mud,1/5,20,0,1,0,0,0,0,6
abbey,0/0,N/A,0,0,0,0,0,0,N/A
acquire,1/259,1,0,1,0,0,0,0,0
acted,0/1873,0,0,0,0,0,0,0,3
actor,7/47,15,0,7,0,0,0,0,4
adam,0/0,N/A,0,0,0,0,0,0,N/A
airport,0/1,0,0,0,0,0,0,0,1
alliance,0/0,N/A,0,0,0,0,0,0,N/A
ambulance,0/1,0,0,0,0,0,0,0,3
amsterdam,0/0,N/A,0,0,0,0,0,0,N/A
ant,14/21,67,0,12,2,0,0,0,10
arctic,0/0,N/A,0,0,0,0,0,0,N/A
artillery,1/12,9,0,1,0,0,0,0,1
assured,0/2,0,0,0,0,0,0,0,3
ate,0/0,N/A,0,0,0,0,0,0,N/A
athenian,0/0,N/A,0,0,0,0,0,0,N/A
attractive,0/0,N/A,0,0,0,0,0,0,N/A
authorize,0/45,0,0,0,0,0,0,0,1
award,0/1,0,0,0,0,0,0,0,5
awkward,0/0,N/A,0,0,0,0,0,0,N/A
axle,5/6,84,0,3,1,1,0,0,5
backwards,0/0,N/A,0,0,0,0,0,0,N/A
bald,0/0,N/A,0,0,0,0,0,0,N/A
ballet,3/3,100,0,3,0,0,0,0,8
barely,0/0,N/A,0,0,0,0,0,0,N/A
bark,17/32,54,0,17,0,0,0,0,7
battles,0/13,0,0,0,0,0,0,0,4
bedside,0/0,N/A,0,0,0,0,0,0,N/A
belongs,0/0,N/A,0,0,0,0,0,0,N/A
bernard,0/0,N/A,0,0,0,0,0,0,N/A
betray,0/0,N/A,0,0,0,0,0,0,N/A
bible,0/1,0,0,0,0,0,0,0,7
blame,0/1,0,0,0,0,0,0,0,13
blowing,0/1,0,0,0,0,0,0,0,5
boot,15/21,72,0,14,1,0,0,0,6
border,0/6,0,0,0,0,0,0,0,6
bottles,0/53,0,0,0,0,0,0,0,3
bowed,0/2,0,0,0,0,0,0,0,1
braking,0/0,N/A,0,0,0,0,0,0,N/A
brute,0/0,N/A,0,0,0,0,0,0,N/A
burden,0/4,0,0,0,0,0,0,0,2
burgundy,0/0,N/A,0,0,0,0,0,0,N/A
carpet,5/21,24,0,5,0,0,0,0,4
cement,0/0,N/A,0,0,0,0,0,0,N/A
chambers,0/0,N/A,0,0,0,0,0,0,N/A
chart,7/14,50,0,7,0,0,0,0,6
claimed,0/10,0,0,0,0,0,0,0,0
click,0/0,N/A,0,0,0,0,0,0,N/A
colleague,0/0,N/A,0,0,0,0,0,0,N/A
colorado,0/0,N/A,0,0,0,0,0,0,N/A
comb,5/5,100,0,5,0,0,0,0,9
comment,1/35,3,0,1,0,0,0,0,1
con,0/0,N/A,0,0,0,0,0,0,N/A
conclude,0/23,0,0,0,0,0,0,0,0
confidence,0/0,N/A,0,0,0,0,0,0,N/A
confrontation,0/0,N/A,0,0,0,0,0,0,N/A
consecutive,0/0,N/A,0,0,0,0,0,0,N/A
consisted,0/0,N/A,0,0,0,0,0,0,N/A
convey,0/124,0,0,0,0,0,0,0,2
coordinates,0/5,0,0,0,0,0,0,0,2
cottage,0/0,N/A,0,0,0,0,0,0,N/A
cousin,0/0,N/A,0,0,0,0,0,0,N/A
cruel,0/0,N/A,0,0,0,0,0,0,N/A
davis,0/0,N/A,0,0,0,0,0,0,N/A
decisions,0/62,0,0,0,0,0,0,0,1
deliberate,0/5,0,0,0,0,0,0,0,2
delighted,0/8,0,0,0,0,0,0,0,1
delightful,0/0,N/A,0,0,0,0,0,0,N/A
depended,0/2,0,0,0,0,0,0,0,8
detector,3/9,34,0,3,0,0,0,0,6
diseased,0/0,N/A,0,0,0,0,0,0,N/A
dishes,0/27,0,0,0,0,0,0,0,3
disturb,0/28,0,0,0,0,0,0,0,0
diverse,0/0,N/A,0,0,0,0,0,0,N/A
dose,3/19,16,0,3,0,0,0,0,5
doubtfully,0/0,N/A,0,0,0,0,0,0,N/A
downstream,0/0,N/A,0,0,0,0,0,0,N/A
elderly,0/0,N/A,0,0,0,0,0,0,N/A
emitted,0/18,0,0,0,0,0,0,0,0
ending,1/4,26,0,1,0,0,0,0,7
engineer,15/32,47,0,14,1,0,0,0,5
enjoyed,0/2,0,0,0,0,0,0,0,5
envelope,1/1,100,0,1,0,0,0,0,8
environmental,0/0,N/A,0,0,0,0,0,0,N/A
evolutionary,0/0,N/A,0,0,0,0,0,0,N/A
exceptional,0/0,N/A,0,0,0,0,0,0,N/A
excited,0/2,0,0,0,0,0,0,0,2
expensive,0/0,N/A,0,0,0,0,0,0,N/A
exports,0/0,N/A,0,0,0,0,0,0,N/A
faintly,0/0,N/A,0,0,0,0,0,0,N/A
fantasia,0/0,N/A,0,0,0,0,0,0,N/A
farewell,0/22,0,0,0,0,0,0,0,1
february,0/0,N/A,0,0,0,0,0,0,N/A
filler,0/5,0,0,0,0,0,0,0,0
florentine,0/0,N/A,0,0,0,0,0,0,N/A
forming,0/7,0,0,0,0,0,0,0,2
fraction,0/0,N/A,0,0,0,0,0,0,N/A
frederick,0/0,N/A,0,0,0,0,0,0,N/A
frontier,0/0,N/A,0,0,0,0,0,0,N/A
functions,0/74,0,0,0,0,0,0,0,3
gangsters,0/3,0,0,0,0,0,0,0,3
gather,0/0,N/A,0,0,0,0,0,0,N/A
generating,0/8,0,0,0,0,0,0,0,3
gorilla,6/7,86,0,6,0,0,0,0,14
grab,0/0,N/A,0,0,0,0,0,0,N/A
gracious,0/0,N/A,0,0,0,0,0,0,N/A
gramophone,0/1,0,0,0,0,0,0,0,2
greeks,0/22,0,0,0,0,0,0,0,4
halted,0/0,N/A,0,0,0,0,0,0,N/A
handsome,0/0,N/A,0,0,0,0,0,0,N/A
hangs,0/0,N/A,0,0,0,0,0,0,N/A
hans,0/0,N/A,0,0,0,0,0,0,N/A
hated,0/9,0,0,0,0,0,0,0,3
heaven,0/0,N/A,0,0,0,0,0,0,N/A
heretic,0/0,N/A,0,0,0,0,0,0,N/A
heroes,0/0,N/A,0,0,0,0,0,0,N/A
hesitate,0/12,0,0,0,0,0,0,0,0
highway,4/23,18,0,4,0,0,0,0,3
holder,2/17,12,0,2,0,0,0,0,3
horseback,0/0,N/A,0,0,0,0,0,0,N/A
horses,0/134,0,0,0,0,0,0,0,4
humble,0/1,0,0,0,0,0,0,0,0
ignored,0/0,N/A,0,0,0,0,0,0,N/A
illegal,0/0,N/A,0,0,0,0,0,0,N/A
illustrate,0/0,N/A,0,0,0,0,0,0,N/A
impatient,0/0,N/A,0,0,0,0,0,0,N/A
impose,0/0,N/A,0,0,0,0,0,0,N/A
indicator,1/15,7,0,1,0,0,0,0,6
injury,2/124,2,0,2,0,0,0,0,5
intention,0/7,0,0,0,0,0,0,0,2
intimacy,0/0,N/A,0,0,0,0,0,0,N/A
irregular,0/3,0,0,0,0,0,0,0,1
isaac,0/0,N/A,0,0,0,0,0,0,N/A
item,4/10,40,0,4,0,0,0,0,6
jam,1/2,50,0,1,0,0,0,0,15
killing,0/0,N/A,0,0,0,0,0,0,N/A
lad,0/1,0,0,0,0,0,0,0,1
lawyer,3/33,10,0,3,0,0,0,0,7
leaders,0/5,0,0,0,0,0,0,0,10
leaning,0/0,N/A,0,0,0,0,0,0,N/A
legends,0/1,0,0,0,0,0,0,0,9
lewis,0/0,N/A,0,0,0,0,0,0,N/A
lip,2/2,100,0,2,0,0,0,0,5
lively,0/0,N/A,0,0,0,0,0,0,N/A
loads,0/0,N/A,0,0,0,0,0,0,N/A
loop,0/0,N/A,0,0,0,0,0,0,N/A
lucy,0/0,N/A,0,0,0,0,0,0,N/A
luminous,0/0,N/A,0,0,0,0,0,0,N/A
madman,0/8,0,0,0,0,0,0,0,2
manual,3/9,34,0,3,0,0,0,0,9
mariner,0/35,0,0,0,0,0,0,0,2
massive,0/0,N/A,0,0,0,0,0,0,N/A
medici,0/0,N/A,0,0,0,0,0,0,N/A
melancholy,0/9,0,0,0,0,0,0,0,1
mer,0/0,N/A,0,0,0,0,0,0,N/A
mess,0/0,N/A,0,0,0,0,0,0,N/A
messenger,1/12,9,0,1,0,0,0,0,0
mice,0/21,0,0,0,0,0,0,0,11
minimum,0/1,0,0,0,0,0,0,0,1
motives,0/80,0,0,0,0,0,0,0,4
mouths,0/6,0,0,0,0,0,0,0,1
abroad,0/0,N/A,0,0,0,0,0,0,N/A
absent,0/0,N/A,0,0,0,0,0,0,N/A
accounts,0/22,0,0,0,0,0,0,0,4
adjacent,0/0,N/A,0,0,0,0,0,0,N/A
agricultural,0/0,N/A,0,0,0,0,0,0,N/A
albert,0/0,N/A,0,0,0,0,0,0,N/A
ale,1/12,9,0,1,0,0,0,0,6
amateur,0/6,0,0,0,0,0,0,0,2
amendment,0/0,N/A,0,0,0,0,0,0,N/A
antechamber,0/1,0,0,0,0,0,0,0,3
appointed,0/2,0,0,0,0,0,0,0,3
argued,0/21,0,0,0,0,0,0,0,2
arrangements,0/4,0,0,0,0,0,0,0,1
astonishing,0/1,0,0,0,0,0,0,0,5
authors,0/95,0,0,0,0,0,0,0,4
backbone,0/0,N/A,0,0,0,0,0,0,N/A
backrest,0/2,0,0,0,0,0,0,0,1
beforehand,0/0,N/A,0,0,0,0,0,0,N/A
bits,0/0,N/A,0,0,0,0,0,0,N/A
blind,0/0,N/A,0,0,0,0,0,0,N/A
bloom,0/0,N/A,0,0,0,0,0,0,N/A
bolt,0/0,N/A,0,0,0,0,0,0,N/A
brass,10/19,53,0,7,3,0,0,0,8
breasts,0/1,0,0,0,0,0,0,0,1
brilliant,0/0,N/A,0,0,0,0,0,0,N/A
bundle,0/1,0,0,0,0,0,0,0,2
bursts,0/3,0,0,0,0,0,0,0,5
bury,0/0,N/A,0,0,0,0,0,0,N/A
bushes,0/2211,0,0,0,0,0,0,0,9
byzantium,0/0,N/A,0,0,0,0,0,0,N/A
calmly,0/0,N/A,0,0,0,0,0,0,N/A
camps,0/4,0,0,0,0,0,0,0,2
capture,0/12,0,0,0,0,0,0,0,3
cards,0/88,0,0,0,0,0,0,0,4
carries,0/6,0,0,0,0,0,0,0,3
castile,0/0,N/A,0,0,0,0,0,0,N/A
catherine,0/0,N/A,0,0,0,0,0,0,N/A
cats,0/87,0,0,0,0,0,0,0,6
causing,0/50,0,0,0,0,0,0,0,4
chains,0/0,N/A,0,0,0,0,0,0,N/A
charming,0/2,0,0,0,0,0,0,0,4
chess,0/0,N/A,0,0,0,0,0,0,N/A
chicago,0/0,N/A,0,0,0,0,0,0,N/A
chop,0/0,N/A,0,0,0,0,0,0,N/A
christ,0/0,N/A,0,0,0,0,0,0,N/A
christopher,0/0,N/A,0,0,0,0,0,0,N/A
closing,0/0,N/A,0,0,0,0,0,0,N/A
clue,0/0,N/A,0,0,0,0,0,0,N/A
cognac,0/0,N/A,0,0,0,0,0,0,N/A
coins,0/52,0,0,0,0,0,0,0,3
combined,0/0,N/A,0,0,0,0,0,0,N/A
communication,6/171,4,0,2,2,2,0,0,2
competitive,0/0,N/A,0,0,0,0,0,0,N/A
concerns,0/15,0,0,0,0,0,0,0,2
conduction,2/20,10,0,1,1,0,0,0,4
confessed,0/0,N/A,0,0,0,0,0,0,N/A
consent,1/1,100,0,1,0,0,0,0,9
conservation,0/0,N/A,0,0,0,0,0,0,N/A
consideration,0/25,0,0,0,0,0,0,0,2
constance,0/0,N/A,0,0,0,0,0,0,N/A
context,0/0,N/A,0,0,0,0,0,0,N/A
contradictory,0/0,N/A,0,0,0,0,0,0,N/A
contribute,0/6,0,0,0,0,0,0,0,2
convinced,0/1,0,0,0,0,0,0,0,3
copenhagen,0/0,N/A,0,0,0,0,0,0,N/A
cork,0/0,N/A,0,0,0,0,0,0,N/A
correspond,0/80,0,0,0,0,0,0,0,2
cosmology,0/0,N/A,0,0,0,0,0,0,N/A
costume,1/3,34,0,1,0,0,0,0,7
counting,0/13,0,0,0,0,0,0,0,3
cricket,5/8,63,0,4,1,0,0,0,9
crimea,0/0,N/A,0,0,0,0,0,0,N/A
decades,0/33,0,0,0,0,0,0,0,1
decent,0/0,N/A,0,0,0,0,0,0,N/A
defend,0/16,0,0,0,0,0,0,0,2
depress,0/1,0,0,0,0,0,0,0,1
deserted,0/5,0,0,0,0,0,0,0,1
detect,0/6,0,0,0,0,0,0,0,1
devices,0/0,N/A,0,0,0,0,0,0,N/A
diagonal,0/0,N/A,0,0,0,0,0,0,N/A
diamond,0/2,0,0,0,0,0,0,0,1
differently,0/0,N/A,0,0,0,0,0,0,N/A
diffusion,0/12,0,0,0,0,0,0,0,3
digging,0/0,N/A,0,0,0,0,0,0,N/A
dimension,2/47,5,0,2,0,0,0,0,0
dimensions,0/47,0,0,0,0,0,0,0,1
dispute,0/35,0,0,0,0,0,0,0,1
dizzy,0/0,N/A,0,0,0,0,0,0,N/A
doctrine,4/214,2,0,4,0,0,0,0,4
domination,0/5,0,0,0,0,0,0,0,2
earliest,0/0,N/A,0,0,0,0,0,0,N/A
education,6/40,16,0,5,1,0,0,0,5
efficiency,0/1,0,0,0,0,0,0,0,6
emerge,0/2,0,0,0,0,0,0,0,0
encountered,0/4,0,0,0,0,0,0,0,3
entitled,0/0,N/A,0,0,0,0,0,0,N/A
equivalent,0/11,0,0,0,0,0,0,0,0
espionage,0/0,N/A,0,0,0,0,0,0,N/A
estuary,0/1,0,0,0,0,0,0,0,1
evenings,0/1,0,0,0,0,0,0,0,4
evidently,0/0,N/A,0,0,0,0,0,0,N/A
evocation,0/0,N/A,0,0,0,0,0,0,N/A
exotic,0/0,N/A,0,0,0,0,0,0,N/A
experiments,0/4,0,0,0,0,0,0,0,6
exploration,0/0,N/A,0,0,0,0,0,0,N/A
eyelids,0/0,N/A,0,0,0,0,0,0,N/A
faith,0/149,0,0,0,0,0,0,0,6
familial,0/0,N/A,0,0,0,0,0,0,N/A
fellows,0/1,0,0,0,0,0,0,0,3
fever,0/1,0,0,0,0,0,0,0,7
focus,0/1,0,0,0,0,0,0,0,9
friendship,0/8,0,0,0,0,0,0,0,0
fury,0/2,0,0,0,0,0,0,0,3
gass,0/0,N/A,0,0,0,0,0,0,N/A
gauls,0/0,N/A,0,0,0,0,0,0,N/A
gigantic,0/0,N/A,0,0,0,0,0,0,N/A
goofy,0/0,N/A,0,0,0,0,0,0,N/A
grinned,0/0,N/A,0,0,0,0,0,0,N/A
grunted,0/0,N/A,0,0,0,0,0,0,N/A
hammer,0/0,N/A,0,0,0,0,0,0,N/A
hastily,0/0,N/A,0,0,0,0,0,0,N/A
hats,0/74,0,0,0,0,0,0,0,5
hedgehog,0/8,0,0,0,0,0,0,0,11
helpless,0/0,N/A,0,0,0,0,0,0,N/A
hem,0/0,N/A,0,0,0,0,0,0,N/A
hercules,0/0,N/A,0,0,0,0,0,0,N/A
hoping,0/0,N/A,0,0,0,0,0,0,N/A
hunched,0/0,N/A,0,0,0,0,0,0,N/A
incapable,0/0,N/A,0,0,0,0,0,0,N/A
inclination,0/66,0,0,0,0,0,0,0,0
increases,0/1,0,0,0,0,0,0,0,1
influential,0/0,N/A,0,0,0,0,0,0,N/A
innumerable,0/0,N/A,0,0,0,0,0,0,N/A
internal,0/0,N/A,0,0,0,0,0,0,N/A
intolerable,0/0,N/A,0,0,0,0,0,0,N/A
invalides,0/0,N/A,0,0,0,0,0,0,N/A
judged,0/2,0,0,0,0,0,0,0,1
justify,0/0,N/A,0,0,0,0,0,0,N/A
largely,0/0,N/A,0,0,0,0,0,0,N/A
largest,0/0,N/A,0,0,0,0,0,0,N/A
lawrence,0/0,N/A,0,0,0,0,0,0,N/A
leonardo,0/0,N/A,0,0,0,0,0,0,N/A
liberal,2/5,40,0,2,0,0,0,0,4
lighthouse,0/0,N/A,0,0,0,0,0,0,N/A
lighthouses,0/0,N/A,0,0,0,0,0,0,N/A
lightning,3/5,60,0,3,0,0,0,0,4
losing,0/3,0,0,0,0,0,0,0,3
luggage,1/24,5,0,1,0,0,0,0,3
machines,0/404,0,0,0,0,0,0,0,4
magnitude,2/343,1,0,2,0,0,0,0,1
markets,0/13,0,0,0,0,0,0,0,5
marsh,1/1,100,0,1,0,0,0,0,5
marshes,0/1,0,0,0,0,0,0,0,3
mask,2/4,50,0,2,0,0,0,0,5
masters,0/0,N/A,0,0,0,0,0,0,N/A
max,0/0,N/A,0,0,0,0,0,0,N/A
medicine,20/111,19,0,17,3,0,0,0,5
merchandise,1/38,3,0,1,0,0,0,0,1
mexico,0/0,N/A,0,0,0,0,0,0,N/A
microwave,0/0,N/A,0,0,0,0,0,0,N/A
milky,0/0,N/A,0,0,0,0,0,0,N/A
mist,0/0,N/A,0,0,0,0,0,0,N/A
monarchy,1/5,20,0,1,0,0,0,0,4
mug,0/0,N/A,0,0,0,0,0,0,N/A
absorption,0/1,0,0,0,0,0,0,0,0
abundance,2/33,7,0,2,0,0,0,0,1
accidents,0/20,0,0,0,0,0,0,0,1
accompany,0/7,0,0,0,0,0,0,0,1
accusations,0/25,0,0,0,0,0,0,0,1
accused,0/0,N/A,0,0,0,0,0,0,N/A
actions,0/2582,0,0,0,0,0,0,0,3
administration,0/19,0,0,0,0,0,0,0,1
adoption,0/2,0,0,0,0,0,0,0,2
aeroplane,0/55,0,0,0,0,0,0,0,4
afar,0/0,N/A,0,0,0,0,0,0,N/A
affairs,0/2,0,0,0,0,0,0,0,5
agency,3/232,2,0,3,0,0,0,0,12
alert,3/3,100,0,3,0,0,0,0,5
alexander,0/0,N/A,0,0,0,0,0,0,N/A
alike,0/0,N/A,0,0,0,0,0,0,N/A
amber,0/0,N/A,0,0,0,0,0,0,N/A
ancestral,0/0,N/A,0,0,0,0,0,0,N/A
angel,2/13,16,0,2,0,0,0,0,5
anonymous,0/0,N/A,0,0,0,0,0,0,N/A
anxiety,2/7,29,0,2,0,0,0,0,4
ape,3/34,9,0,1,2,0,0,0,12
application,1/21,5,0,1,0,0,0,0,5
approached,0/8,0,0,0,0,0,0,0,2
archipelago,0/0,N/A,0,0,0,0,0,0,N/A
architects,0/6,0,0,0,0,0,0,0,3
arena,1/15,7,0,1,0,0,0,0,5
arrives,0/37,0,0,0,0,0,0,0,0
arrow,0/0,N/A,0,0,0,0,0,0,N/A
attach,0/241,0,0,0,0,0,0,0,0
attacked,0/54,0,0,0,0,0,0,0,0
attempted,0/52,0,0,0,0,0,0,0,1
attract,0/10,0,0,0,0,0,0,0,0
attributed,0/20,0,0,0,0,0,0,0,0
audio,0/0,N/A,0,0,0,0,0,0,N/A
aunty,0/3,0,0,0,0,0,0,0,5
austria,0/0,N/A,0,0,0,0,0,0,N/A
authentic,0/0,N/A,0,0,0,0,0,0,N/A
awareness,1/7,15,0,1,0,0,0,0,5
backward,0/0,N/A,0,0,0,0,0,0,N/A
ballerina,1/1,100,0,1,0,0,0,0,7
ballroom,0/2,0,0,0,0,0,0,0,0
barber,0/0,N/A,0,0,0,0,0,0,N/A
barefoot,0/0,N/A,0,0,0,0,0,0,N/A
barricade,0/0,N/A,0,0,0,0,0,0,N/A
basins,0/16,0,0,0,0,0,0,0,3
bedspread,1/2,50,0,1,0,0,0,0,4
behalf,0/0,N/A,0,0,0,0,0,0,N/A
belgium,0/0,N/A,0,0,0,0,0,0,N/A
berry,27/37,73,0,26,1,0,0,0,6
betrayed,0/0,N/A,0,0,0,0,0,0,N/A
billion,0/0,N/A,0,0,0,0,0,0,N/A
boil,1/1,100,0,1,0,0,0,0,4
boiled,0/2,0,0,0,0,0,0,0,3
boom,0/0,N/A,0,0,0,0,0,0,N/A
boyfriend,0/0,N/A,0,0,0,0,0,0,N/A
butler,0/0,N/A,0,0,0,0,0,0,N/A
buzzing,0/0,N/A,0,0,0,0,0,0,N/A
cabbage,5/14,36,0,3,2,0,0,0,3
cabin,0/1,0,0,0,0,0,0,0,5
calculate,2/64,4,0,2,0,0,0,0,1
caption,0/0,N/A,0,0,0,0,0,0,N/A
caravan,0/0,N/A,0,0,0,0,0,0,N/A
catalan,0/0,N/A,0,0,0,0,0,0,N/A
cattle,2/47,5,0,2,0,0,0,0,3
chalk,0/0,N/A,0,0,0,0,0,0,N/A
charlemagne,0/0,N/A,0,0,0,0,0,0,N/A
chat,3/13,24,0,3,0,0,0,0,5
chilly,0/5,0,0,0,0,0,0,0,5
churches,0/27,0,0,0,0,0,0,0,9
clauses,0/9,0,0,0,0,0,0,0,10
cling,0/0,N/A,0,0,0,0,0,0,N/A
cluster,0/10,0,0,0,0,0,0,0,1
coastline,0/0,N/A,0,0,0,0,0,0,N/A
cod,1/2,50,0,1,0,0,0,0,5
coin,0/52,0,0,0,0,0,0,0,4
colonial,0/0,N/A,0,0,0,0,0,0,N/A
combat,0/4,0,0,0,0,0,0,0,6
combine,0/0,N/A,0,0,0,0,0,0,N/A
combustion,2/10,20,0,1,0,1,0,0,0
comic,0/17,0,0,0,0,0,0,0,3
communicate,0/190,0,0,0,0,0,0,0,4
compare,0/0,N/A,0,0,0,0,0,0,N/A
component,0/17,0,0,0,0,0,0,0,4
components,0/17,0,0,0,0,0,0,0,3
concealed,0/38,0,0,0,0,0,0,0,1
concerning,0/19,0,0,0,0,0,0,0,2
conference,0/4,0,0,0,0,0,0,0,2
confirmed,0/51,0,0,0,0,0,0,0,2
congress,0/0,N/A,0,0,0,0,0,0,N/A
conqueror,0/1,0,0,0,0,0,0,0,1
consequences,0/44,0,0,0,0,0,0,0,1
continuity,0/0,N/A,0,0,0,0,0,0,N/A
continuously,0/0,N/A,0,0,0,0,0,0,N/A
copies,0/0,N/A,0,0,0,0,0,0,N/A
coronation,0/0,N/A,0,0,0,0,0,0,N/A
correctly,0/0,N/A,0,0,0,0,0,0,N/A
countryside,0/0,N/A,0,0,0,0,0,0,N/A
cowboy,0/8,0,0,0,0,0,0,0,2
creek,0/1,0,0,0,0,0,0,0,3
crete,0/0,N/A,0,0,0,0,0,0,N/A
cries,0/44,0,0,0,0,0,0,0,2
crimson,0/0,N/A,0,0,0,0,0,0,N/A
crocodile,4/6,67,0,4,0,0,0,0,9
crowned,0/0,N/A,0,0,0,0,0,0,N/A
cunning,0/0,N/A,0,0,0,0,0,0,N/A
cure,1/60,2,0,1,0,0,0,0,6
currently,0/0,N/A,0,0,0,0,0,0,N/A
davy,0/0,N/A,0,0,0,0,0,0,N/A
decor,0/0,N/A,0,0,0,0,0,0,N/A
definitive,0/0,N/A,0,0,0,0,0,0,N/A
democracy,0/0,N/A,0,0,0,0,0,0,N/A
democratic,0/0,N/A,0,0,0,0,0,0,N/A
demonstrate,0/1,0,0,0,0,0,0,0,1
den,0/0,N/A,0,0,0,0,0,0,N/A
deposition,2/4,50,0,2,0,0,0,0,4
descent,0/27,0,0,0,0,0,0,0,1
directed,0/1,0,0,0,0,0,0,0,4
discretion,0/0,N/A,0,0,0,0,0,0,N/A
dish,3/27,12,0,3,0,0,0,0,5
distinct,0/0,N/A,0,0,0,0,0,0,N/A
dixieland,0/0,N/A,0,0,0,0,0,0,N/A
document,3/582,1,0,3,0,0,0,0,5
doubtful,0/0,N/A,0,0,0,0,0,0,N/A
dragging,0/7,0,0,0,0,0,0,0,2
drama,0/8,0,0,0,0,0,0,0,8
drawings,0/1,0,0,0,0,0,0,0,2
dreamy,0/0,N/A,0,0,0,0,0,0,N/A
dumb,0/0,N/A,0,0,0,0,0,0,N/A
eager,0/0,N/A,0,0,0,0,0,0,N/A
earned,0/21,0,0,0,0,0,0,0,4
easter,0/2,0,0,0,0,0,0,0,0
edifice,0/459,0,0,0,0,0,0,0,3
effective,0/0,N/A,0,0,0,0,0,0,N/A
eighth,0/0,N/A,0,0,0,0,0,0,N/A
electrically,0/0,N/A,0,0,0,0,0,0,N/A
eliminate,0/26,0,0,0,0,0,0,0,1
emotional,0/0,N/A,0,0,0,0,0,0,N/A
enthusiastic,0/0,N/A,0,0,0,0,0,0,N/A
essence,1/6,17,0,1,0,0,0,0,3
essentially,0/0,N/A,0,0,0,0,0,0,N/A
estimated,0/15,0,0,0,0,0,0,0,2
eternity,0/1,0,0,0,0,0,0,0,8
eugenia,0/0,N/A,0,0,0,0,0,0,N/A
evolved,0/0,N/A,0,0,0,0,0,0,N/A
exceed,0/1,0,0,0,0,0,0,0,2
exchanges,0/1,0,0,0,0,0,0,0,13
exclaimed,0/3,0,0,0,0,0,0,0,5
exclamation,0/6,0,0,0,0,0,0,0,2
execute,0/6,0,0,0,0,0,0,0,1
expanse,0/0,N/A,0,0,0,0,0,0,N/A
expelled,0/38,0,0,0,0,0,0,0,0
expressionless,0/0,N/A,0,0,0,0,0,0,N/A
fairs,0/0,N/A,0,0,0,0,0,0,N/A
fame,0/0,N/A,0,0,0,0,0,0,N/A
feeble,0/0,N/A,0,0,0,0,0,0,N/A
fewer,0/0,N/A,0,0,0,0,0,0,N/A
fills,0/0,N/A,0,0,0,0,0,0,N/A
fist,0/0,N/A,0,0,0,0,0,0,N/A
fled,0/33,0,0,0,0,0,0,0,3
flesh,0/0,N/A,0,0,0,0,0,0,N/A
float,0/0,N/A,0,0,0,0,0,0,N/A
floral,0/0,N/A,0,0,0,0,0,0,N/A
folk,3/11,28,0,3,0,0,0,0,6
football,6/9,67,0,5,1,0,0,0,6
ford,0/0,N/A,0,0,0,0,0,0,N/A
fountains,0/3,0,0,0,0,0,0,0,4
fox,12/20,60,0,9,3,0,0,0,8
frog,34/109,32,0,13,19,2,0,0,11
gain,0/1,0,0,0,0,0,0,0,6
galactic,0/0,N/A,0,0,0,0,0,0,N/A
gazing,0/4,0,0,0,0,0,0,0,3
generations,0/19,0,0,0,0,0,0,0,2
gentle,0/0,N/A,0,0,0,0,0,0,N/A
gibbons,0/0,N/A,0,0,0,0,0,0,N/A
grandeur,0/1,0,0,0,0,0,0,0,2
grape,6/17,36,0,3,2,1,0,0,5
gravely,0/0,N/A,0,0,0,0,0,0,N/A
gravitational,0/0,N/A,0,0,0,0,0,0,N/A
greet,0/19,0,0,0,0,0,0,0,2
grip,2/27,8,0,0,2,0,0,0,6
guardian,0/203,0,0,0,0,0,0,0,2
guinea,0/0,N/A,0,0,0,0,0,0,N/A
gypsy,0/4,0,0,0,0,0,0,0,2
halles,0/0,N/A,0,0,0,0,0,0,N/A
hanged,0/7,0,0,0,0,0,0,0,0
hawaiian,0/0,N/A,0,0,0,0,0,0,N/A
headlamp,0/1,0,0,0,0,0,0,0,0
heir,4/6,67,0,4,0,0,0,0,8
heroic,0/0,N/A,0,0,0,0,0,0,N/A
hike,0/1,0,0,0,0,0,0,0,2
homework,0/0,N/A,0,0,0,0,0,0,N/A
hopeless,0/0,N/A,0,0,0,0,0,0,N/A
hull,0/2,0,0,0,0,0,0,0,3
hurriedly,0/0,N/A,0,0,0,0,0,0,N/A
hush,0/0,N/A,0,0,0,0,0,0,N/A
hysteria,1/3,34,0,1,0,0,0,0,6
identify,0/51,0,0,0,0,0,0,0,1
ignorant,0/0,N/A,0,0,0,0,0,0,N/A
illustrated,0/0,N/A,0,0,0,0,0,0,N/A
imaginary,3/99,4,0,1,2,0,0,0,3
immortal,0/0,N/A,0,0,0,0,0,0,N/A
improved,0/240,0,0,0,0,0,0,0,1
incident,0/6,0,0,0,0,0,0,0,2
inequality,0/10,0,0,0,0,0,0,0,1
inevitable,0/0,N/A,0,0,0,0,0,0,N/A
influenced,0/30,0,0,0,0,0,0,0,2
influences,0/12,0,0,0,0,0,0,0,1
inform,2/640,1,0,2,0,0,0,0,2
informed,0/640,0,0,0,0,0,0,0,0
insist,0/15,0,0,0,0,0,0,0,2
institutions,0/443,0,0,0,0,0,0,0,2
integrity,0/21,0,0,0,0,0,0,0,4
intelligence,2/52,4,0,2,0,0,0,0,1
intense,0/0,N/A,0,0,0,0,0,0,N/A
interruption,0/12,0,0,0,0,0,0,0,2
invisible,0/0,N/A,0,0,0,0,0,0,N/A
jobs,0/384,0,0,0,0,0,0,0,8
jones,0/0,N/A,0,0,0,0,0,0,N/A
junction,3/20,16,0,2,1,0,0,0,3
kissed,0/2,0,0,0,0,0,0,0,1
knight,5/11,46,0,5,0,0,0,0,9
knitting,0/0,N/A,0,0,0,0,0,0,N/A
latch,0/0,N/A,0,0,0,0,0,0,N/A
latitude,0/0,N/A,0,0,0,0,0,0,N/A
lawn,0/0,N/A,0,0,0,0,0,0,N/A
