i,2/2,101,0,2,0,0,0,0,10
can,6/8,76,0,6,0,0,0,0,5
down,4/5,81,0,3,1,0,0,0,6
good,1/2,51,0,1,0,0,0,0,7
century,1/2,51,0,1,0,0,0,0,8
day,5/16,32,0,3,2,0,0,0,6
house,33/85,39,0,26,5,1,1,0,5
door,18/23,79,0,13,5,0,0,0,7
left,2/2,101,0,2,0,0,0,0,7
moment,3/12,26,0,3,0,0,0,0,5
course,7/23,31,0,7,0,0,0,0,8
mind,2/7,29,0,2,0,0,0,0,7
island,2/4,51,0,2,0,0,0,0,10
chairman,1/2,51,0,1,0,0,0,0,5
e,1/1,101,0,1,0,0,0,0,16
bed,18/33,55,0,17,1,0,0,0,6
black,4/6,67,0,4,0,0,0,0,4
men,2/4,51,0,2,0,0,0,0,9
leave,5/10,51,0,5,0,0,0,0,7
air,2/6,34,0,2,0,0,0,0,6
body,17/31,55,0,4,4,9,0,0,6
floor,3/7,43,0,3,0,0,0,0,5
home,2/2,101,0,2,0,0,0,0,13
glass,21/31,68,0,16,5,0,0,0,7
call,11/12,92,0,9,2,0,0,0,8
blue,11/20,56,0,11,0,0,0,0,6
hour,3/3,101,0,3,0,0,0,0,7
bill,5/5,101,0,5,0,0,0,0,10
line,4/15,27,0,4,0,0,0,0,6
engine,31/72,44,0,7,4,17,3,0,8
book,38/139,28,0,17,11,7,3,0,8
land,1/3,34,0,1,0,0,0,0,7
brother,5/5,101,0,5,0,0,0,0,6
feet,2/3,67,0,2,0,0,0,0,6
hold,8/27,30,0,3,5,0,0,0,6
making,4/5,81,0,4,0,0,0,0,5
meet,4/6,67,0,4,0,0,0,0,6
mean,3/6,51,0,3,0,0,0,0,10
clause,9/9,101,0,6,3,0,0,0,11
boy,9/25,37,0,9,0,0,0,0,6
car,21/76,28,0,19,2,0,0,0,6
law,28/38,74,0,21,6,1,0,0,10
garden,13/28,47,0,12,1,0,0,0,5
company,41/83,50,0,28,4,9,0,0,7
cold,1/1,101,0,1,0,0,0,0,6
boat,39/98,40,0,26,11,2,0,0,5
mine,9/10,91,0,9,0,0,0,0,6
family,4/7,58,0,4,0,0,0,0,8
fine,1/1,101,0,1,0,0,0,0,9
map,6/13,47,0,6,0,0,0,0,8
coffee,12/25,49,0,12,0,0,0,0,6
eye,3/11,28,0,3,0,0,0,0,6
chair,31/48,65,0,17,13,1,0,0,7
court,36/51,71,0,30,4,2,0,0,11
lion,3/3,101,0,3,0,0,0,0,4
centuries,1/2,51,0,1,0,0,0,0,8
green,14/19,74,0,14,0,0,0,0,5
board,15/23,66,0,12,3,0,0,0,10
lips,2/2,101,0,2,0,0,0,0,5
letter,17/33,52,0,14,3,0,0,0,5
coat,25/84,30,0,16,9,0,0,0,6
islands,2/4,51,0,2,0,0,0,0,10
military,1/2,51,0,1,0,0,0,0,4
brown,9/37,25,0,7,2,0,0,0,4
memory,2/6,34,0,2,0,0,0,0,6
hat,27/74,37,0,23,4,0,0,0,6
belt,4/16,26,0,4,0,0,0,0,8
leaves,59/83,72,0,19,33,7,0,0,8
fire,12/17,71,0,8,4,0,0,0,6
houses,33/85,39,0,26,5,1,1,0,5
books,38/139,28,0,17,11,7,3,0,8
master,1/1,101,0,1,0,0,0,0,5
boys,9/25,37,0,9,0,0,0,0,6
cat,35/87,41,0,4,30,1,0,0,7
mouse,13/21,62,0,6,7,0,0,0,10
boots,15/21,72,0,14,1,0,0,0,6
boats,39/98,40,0,26,11,2,0,0,5
field,7/22,32,0,3,4,0,0,0,4
hole,5/19,27,0,5,0,0,0,0,4
bottle,14/53,27,0,12,1,1,0,0,4
box,32/72,45,0,22,10,0,0,0,6
dream,1/2,51,0,1,0,0,0,0,5
mass,12/22,55,0,12,0,0,0,0,9
brake,14/15,94,0,7,3,4,0,0,7
clock,13/17,77,0,11,2,0,0,0,7
branch,3/6,51,0,3,0,0,0,0,13
deal,1/2,51,0,1,0,0,0,0,6
bag,47/91,52,0,36,11,0,0,0,6
ball,34/44,78,0,31,3,0,0,0,6
current,1/2,51,0,1,0,0,0,0,5
foot,2/3,67,0,2,0,0,0,0,6
lamp,27/68,40,0,19,7,1,0,0,8
market,9/13,70,0,9,0,0,0,0,6
blood,14/32,44,0,11,3,0,0,0,5
department,51/135,38,0,6,40,5,0,0,8
bus,3/5,61,0,3,0,0,0,0,9
double,2/2,101,0,2,0,0,0,0,9
flat,2/4,51,0,2,0,0,0,0,8
holds,8/27,30,0,3,5,0,0,0,6
bodies,17/31,55,0,4,4,9,0,0,6
daughter,1/1,101,0,1,0,0,0,0,10
key,5/7,72,0,4,1,0,0,0,7
league,10/15,67,0,9,1,0,0,0,6
circuit,26/66,40,0,10,9,7,0,0,5
date,2/5,41,0,2,0,0,0,0,6
coal,9/12,76,0,7,2,0,0,0,6
doors,18/23,79,0,13,5,0,0,0,7
duchess,1/1,101,0,1,0,0,0,0,7
lines,4/15,27,0,4,0,0,0,0,6
dwarfs,7/7,101,0,7,0,0,0,0,11
government,9/36,26,0,6,3,0,0,0,4
mirror,5/11,46,0,3,2,0,0,0,5
data,3/3,101,0,3,0,0,0,0,7
dreams,1/2,51,0,1,0,0,0,0,5
issue,5/6,84,0,5,0,0,0,0,10
load,5/8,63,0,5,0,0,0,0,5
acid,177/198,90,0,93,40,8,23,8,10
barnacles,4/6,67,0,4,0,0,0,0,8
gin,3/5,61,0,3,0,0,0,0,6
image,6/14,43,0,5,1,0,0,0,8
iron,18/25,73,0,11,5,2,0,0,7
drop,2/2,101,0,2,0,0,0,0,4
forest,5/11,46,0,3,2,0,0,0,5
glance,1/3,34,0,1,0,0,0,0,5
hare,5/16,32,0,5,0,0,0,0,11
bear,14/34,42,0,9,5,0,0,0,10
bread,47/169,28,0,26,17,4,0,0,6
chest,2/3,67,0,2,0,0,0,0,4
jacket,18/44,41,0,17,1,0,0,0,5
lunch,1/1,101,0,1,0,0,0,0,10
automatic,1/4,26,0,1,0,0,0,0,4
basket,6/15,41,0,4,2,0,0,0,4
fly,20/34,59,0,11,5,4,0,0,8
gun,35/130,27,0,10,7,4,2,5,8
base,5/6,84,0,5,0,0,0,0,6
check,10/21,48,0,10,0,0,0,0,8
distribution,8/15,54,0,8,0,0,0,0,6
jump,1/2,51,0,1,0,0,0,0,9
bells,12/15,81,0,11,1,0,0,0,7
button,2/2,101,0,2,0,0,0,0,6
cap,24/55,44,0,24,0,0,0,0,6
chapel,2/3,67,0,2,0,0,0,0,4
flag,9/37,25,0,9,0,0,0,0,6
gravity,1/1,101,0,1,0,0,0,0,7
hide,2/3,67,0,2,0,0,0,0,4
horse,42/134,32,0,13,19,10,0,0,5
count,6/9,67,0,6,0,0,0,0,6
dust,2/3,67,0,2,0,0,0,0,8
gardens,13/28,47,0,12,1,0,0,0,5
final,1/1,101,0,1,0,0,0,0,5
kiss,3/6,51,0,3,0,0,0,0,4
bank,1/3,34,0,1,0,0,0,0,6
bell,12/15,81,0,11,1,0,0,0,7
bench,3/10,31,0,3,0,0,0,0,4
breakfast,2/3,67,0,2,0,0,0,0,8
electricity,7/10,71,0,7,0,0,0,0,6
guests,4/4,101,0,4,0,0,0,0,8
identity,1/3,34,0,1,0,0,0,0,6
circle,3/5,61,0,3,0,0,0,0,6
colonel,2/2,101,0,2,0,0,0,0,9
crew,4/5,81,0,2,2,0,0,0,8
dollars,24/25,97,0,23,1,0,0,0,10
leg,5/15,34,0,5,0,0,0,0,6
legend,1/1,101,0,1,0,0,0,0,11
lesson,10/10,101,0,5,5,0,0,0,7
memories,2/6,34,0,2,0,0,0,0,6
branches,3/6,51,0,3,0,0,0,0,13
driver,12/31,39,0,12,0,0,0,0,4
gate,8/16,51,0,8,0,0,0,0,5
host,1/1,101,0,1,0,0,0,0,4
madam,1/2,51,0,1,0,0,0,0,4
bridge,17/26,66,0,16,1,0,0,0,6
cup,7/14,51,0,7,0,0,0,0,6
curtain,5/10,51,0,4,1,0,0,0,4
exchange,1/1,101,0,1,0,0,0,0,15
balance,2/3,67,0,2,0,0,0,0,8
bone,72/234,31,0,43,24,5,0,0,6
cook,4/11,37,0,3,1,0,0,0,4
bike,4/6,67,0,4,0,0,0,0,5
bomb,53/68,78,0,48,5,0,0,0,8
cellar,1/1,101,0,1,0,0,0,0,4
charge,1/1,101,0,1,0,0,0,0,8
chin,1/2,51,0,1,0,0,0,0,6
haddock,2/4,51,0,2,0,0,0,0,5
heat,12/13,93,0,6,6,0,0,0,14
heels,7/9,78,0,7,0,0,0,0,7
laboratory,4/9,45,0,4,0,0,0,0,4
lock,7/11,64,0,7,0,0,0,0,7
beds,18/33,55,0,17,1,0,0,0,6
beer,9/29,32,0,3,6,0,0,0,5
concrete,2/3,67,0,2,0,0,0,0,5
crab,24/35,69,0,15,9,0,0,0,11
express,1/1,101,0,1,0,0,0,0,6
factor,3/10,31,0,2,1,0,0,0,8
lands,1/3,34,0,1,0,0,0,0,7
lessons,10/10,101,0,5,5,0,0,0,7
mondays,1/2,51,0,1,0,0,0,0,7
brothers,5/5,101,0,5,0,0,0,0,6
card,14/57,25,0,6,8,0,0,0,4
cesium,1/1,101,0,1,0,0,0,0,5
gasoline,2/5,41,0,2,0,0,0,0,6
gear,9/19,48,0,8,1,0,0,0,9
gray,10/23,44,0,10,0,0,0,0,7
industry,32/57,57,0,32,0,0,0,0,6
joke,6/22,28,0,6,0,0,0,0,6
moments,3/12,26,0,3,0,0,0,0,5
belly,1/2,51,0,1,0,0,0,0,5
corporation,6/23,27,0,6,0,0,0,0,7
gang,1/3,34,0,1,0,0,0,0,5
insurance,22/28,79,0,14,8,0,0,0,9
jury,6/6,101,0,6,0,0,0,0,8
minds,2/7,29,0,2,0,0,0,0,7
belts,4/16,26,0,4,0,0,0,0,8
cars,21/76,28,0,19,2,0,0,0,6
goods,1/2,51,0,1,0,0,0,0,7
gown,6/10,61,0,6,0,0,0,0,7
angle,37/67,56,0,30,7,0,0,0,8
basin,4/16,26,0,4,0,0,0,0,4
bee,18/26,70,0,11,7,0,0,0,10
economy,8/29,28,0,4,2,2,0,0,7
families,4/7,58,0,4,0,0,0,0,8
fan,3/5,61,0,2,1,0,0,0,6
helicopter,3/4,76,0,3,0,0,0,0,7
ions,6/8,76,0,2,4,0,0,0,8
match,4/6,67,0,4,0,0,0,0,5
milk,24/24,101,0,23,1,0,0,0,9
mirrors,5/11,46,0,3,2,0,0,0,5
bars,2/2,101,0,2,0,0,0,0,12
candle,2/6,34,0,2,0,0,0,0,4
center,7/26,27,0,5,2,0,0,0,6
chain,1/2,51,0,1,0,0,0,0,4
companies,41/83,50,0,28,4,9,0,0,7
cotton,3/3,101,0,3,0,0,0,0,12
cups,7/14,51,0,7,0,0,0,0,6
cyanide,1/3,34,0,1,0,0,0,0,7
diversity,1/1,101,0,1,0,0,0,0,4
dressing,11/20,56,0,11,0,0,0,0,8
fog,2/6,34,0,2,0,0,0,0,5
fountain,2/3,67,0,2,0,0,0,0,5
grass,177/480,37,0,74,68,25,10,0,9
mare,2/2,101,0,2,0,0,0,0,6
blanket,3/6,51,0,3,0,0,0,0,5
brief,1/1,101,0,1,0,0,0,0,15
bronze,6/8,76,0,6,0,0,0,0,7
bullet,2/5,41,0,2,0,0,0,0,6
buying,2/6,34,0,2,0,0,0,0,6
cage,2/4,51,0,2,0,0,0,0,6
camera,13/15,87,0,12,1,0,0,0,8
chairs,31/48,65,0,17,13,1,0,0,7
clerk,10/20,51,0,9,1,0,0,0,5
dates,2/5,41,0,2,0,0,0,0,6
dioxide,5/9,56,0,5,0,0,0,0,6
fuse,2/4,51,0,2,0,0,0,0,8
golf,4/8,51,0,4,0,0,0,0,8
immune,1/2,51,0,1,0,0,0,0,5
lieutenant,5/5,101,0,5,0,0,0,0,5
bears,14/34,42,0,9,5,0,0,0,10
benefit,7/21,34,0,6,1,0,0,0,5
bombs,53/68,78,0,48,5,0,0,0,8
calls,11/12,92,0,9,2,0,0,0,8
campaign,2/4,51,0,2,0,0,0,0,8
crews,4/5,81,0,2,2,0,0,0,8
cushion,1/2,51,0,1,0,0,0,0,4
edition,2/3,67,0,2,0,0,0,0,7
guest,4/4,101,0,4,0,0,0,0,8
hearing,3/4,76,0,3,0,0,0,0,10
images,6/14,43,0,5,1,0,0,0,8
influenza,2/4,51,0,2,0,0,0,0,4
ink,8/8,101,0,7,1,0,0,0,9
knife,28/44,64,0,18,10,0,0,0,6
maps,6/13,47,0,6,0,0,0,0,8
analysis,17/49,35,0,7,6,4,0,0,8
arcade,2/2,101,0,2,0,0,0,0,9
balls,34/44,78,0,31,3,0,0,0,6
cabinet,2/5,41,0,2,0,0,0,0,6
code,8/18,45,0,6,2,0,0,0,7
contract,21/46,46,0,20,1,0,0,0,8
dictionary,9/13,70,0,9,0,0,0,0,7
drops,2/2,101,0,2,0,0,0,0,4
experiment,2/4,51,0,2,0,0,0,0,7
fantasy,2/8,26,0,2,0,0,0,0,4
filter,8/24,34,0,7,1,0,0,0,5
holes,5/19,27,0,5,0,0,0,0,4
lace,3/5,61,0,3,0,0,0,0,6
monday,1/2,51,0,1,0,0,0,0,7
bucket,3/11,28,0,3,0,0,0,0,4
cellars,1/1,101,0,1,0,0,0,0,4
collar,7/14,51,0,7,0,0,0,0,5
compass,4/4,101,0,2,2,0,0,0,8
curtains,5/10,51,0,4,1,0,0,0,4
flags,9/37,25,0,9,0,0,0,0,6
geography,2/5,41,0,2,0,0,0,0,5
hedge,1/3,34,0,1,0,0,0,0,6
jungle,1/1,101,0,1,0,0,0,0,10
kick,8/10,81,0,5,2,1,0,0,5
maser,1/1,101,0,1,0,0,0,0,5
ash,2/2,101,0,2,0,0,0,0,5
aunt,3/3,101,0,3,0,0,0,0,7
bite,2/2,101,0,2,0,0,0,0,5
buckle,1/1,101,0,1,0,0,0,0,6
butter,6/9,67,0,6,0,0,0,0,6
cart,11/20,56,0,10,1,0,0,0,5
cheese,21/53,40,0,19,2,0,0,0,5
converter,12/17,71,0,6,6,0,0,0,8
culture,11/24,46,0,8,3,0,0,0,12
currents,1/2,51,0,1,0,0,0,0,5
definition,7/7,101,0,7,0,0,0,0,10
issues,5/6,84,0,5,0,0,0,0,10
keys,5/7,72,0,4,1,0,0,0,7
lilac,6/14,43,0,6,0,0,0,0,11
ant,14/21,67,0,12,2,0,0,0,10
axle,5/6,84,0,3,1,1,0,0,5
ballet,3/3,101,0,3,0,0,0,0,9
bark,17/32,54,0,17,0,0,0,0,7
boot,15/21,72,0,14,1,0,0,0,6
bottles,14/53,27,0,12,1,1,0,0,4
chart,7/14,51,0,7,0,0,0,0,6
comb,5/5,101,0,5,0,0,0,0,9
detector,3/9,34,0,3,0,0,0,0,6
ending,1/4,26,0,1,0,0,0,0,7
engineer,15/32,47,0,14,1,0,0,0,5
envelope,1/1,101,0,1,0,0,0,0,8
gorilla,6/7,86,0,6,0,0,0,0,14
horses,42/134,32,0,13,19,10,0,0,5
item,4/10,41,0,4,0,0,0,0,6
jam,1/2,51,0,1,0,0,0,0,15
legends,1/1,101,0,1,0,0,0,0,11
lip,2/2,101,0,2,0,0,0,0,5
manual,3/9,34,0,3,0,0,0,0,9
mice,13/21,62,0,6,7,0,0,0,10
brass,10/19,53,0,7,3,0,0,0,8
cats,35/87,41,0,4,30,1,0,0,7
consent,1/1,101,0,1,0,0,0,0,10
costume,1/3,34,0,1,0,0,0,0,7
cricket,5/8,63,0,4,1,0,0,0,9
experiments,2/4,51,0,2,0,0,0,0,7
hats,27/74,37,0,23,4,0,0,0,6
liberal,2/5,41,0,2,0,0,0,0,4
lightning,3/5,61,0,3,0,0,0,0,4
markets,9/13,70,0,9,0,0,0,0,6
marsh,1/1,101,0,1,0,0,0,0,6
marshes,1/1,101,0,1,0,0,0,0,6
mask,2/4,51,0,2,0,0,0,0,5
alert,3/3,101,0,3,0,0,0,0,5
anxiety,2/7,29,0,2,0,0,0,0,4
ballerina,1/1,101,0,1,0,0,0,0,7
basins,4/16,26,0,4,0,0,0,0,4
bedspread,1/2,51,0,1,0,0,0,0,4
berry,27/37,73,0,26,1,0,0,0,6
boil,1/1,101,0,1,0,0,0,0,4
clauses,9/9,101,0,6,3,0,0,0,11
cod,1/2,51,0,1,0,0,0,0,5
crocodile,4/6,67,0,4,0,0,0,0,9
deposition,2/4,51,0,2,0,0,0,0,4
exchanges,1/1,101,0,1,0,0,0,0,15
folk,3/11,28,0,3,0,0,0,0,6
football,6/9,67,0,5,1,0,0,0,6
fountains,2/3,67,0,2,0,0,0,0,5
fox,12/20,61,0,9,3,0,0,0,8
frog,34/109,32,0,13,19,2,0,0,11
grape,6/17,36,0,3,2,1,0,0,5
heir,4/6,67,0,4,0,0,0,0,8
hysteria,1/3,34,0,1,0,0,0,0,6
knight,5/11,46,0,5,0,0,0,0,9
lobster,6/8,76,0,6,0,0,0,0,7
logic,1/1,101,0,1,0,0,0,0,7
maid,6/7,86,0,6,0,0,0,0,8
mast,11/15,74,0,7,4,0,0,0,6
mechanism,1/1,101,0,1,0,0,0,0,13
mining,3/3,101,0,3,0,0,0,0,8
axis,11/11,101,0,8,3,0,0,0,7
bacon,3/5,61,0,3,0,0,0,0,6
beetle,57/124,46,0,20,23,11,3,0,8
bicycle,4/12,34,0,4,0,0,0,0,6
blond,4/5,81,0,4,0,0,0,0,9
boss,1/4,26,0,1,0,0,0,0,6
bowl,4/6,67,0,4,0,0,0,0,5
boxes,32/72,45,0,22,10,0,0,0,6
breeze,6/8,76,0,6,0,0,0,0,6
bulletin,2/5,41,0,2,0,0,0,0,4
buttons,2/2,101,0,2,0,0,0,0,6
camel,2/5,41,0,2,0,0,0,0,10
charity,1/3,34,0,1,0,0,0,0,12
clip,1/1,101,0,1,0,0,0,0,9
courts,36/51,71,0,30,4,2,0,0,11
cuisine,2/5,41,0,2,0,0,0,0,5
daisy,2/3,67,0,2,0,0,0,0,9
dancer,6/23,27,0,6,0,0,0,0,5
deck,23/32,72,0,17,5,1,0,0,7
eclipse,5/5,101,0,4,1,0,0,0,7
economist,2/8,26,0,2,0,0,0,0,6
elephant,5/16,32,0,3,2,0,0,0,8
engines,31/72,44,0,7,4,17,3,0,8
entry,3/5,61,0,3,0,0,0,0,9
envy,1/4,26,0,1,0,0,0,0,9
equations,12/15,81,0,7,5,0,0,0,11
fake,1/2,51,0,1,0,0,0,0,9
fork,4/4,101,0,4,0,0,0,0,8
guns,35/130,27,0,10,7,4,2,5,8
heel,7/9,78,0,7,0,0,0,0,7
hound,27/39,70,0,19,8,0,0,0,7
intensity,4/13,31,0,3,1,0,0,0,8
ion,6/8,76,0,2,4,0,0,0,8
jaw,6/14,43,0,5,1,0,0,0,7
kisses,3/6,51,0,3,0,0,0,0,4
kit,2/3,67,0,2,0,0,0,0,7
mania,11/16,69,0,11,0,0,0,0,6
mines,9/10,91,0,9,0,0,0,0,6
mix,4/6,67,0,1,3,0,0,0,10
axe,10/26,39,0,8,1,1,0,0,7
axes,21/26,81,0,16,2,3,0,0,8
bases,5/6,84,0,5,0,0,0,0,6
bat,41/78,53,0,4,13,22,2,0,12
beet,4/13,31,0,4,0,0,0,0,9
bride,1/1,101,0,1,0,0,0,0,5
butcher,1/1,101,0,1,0,0,0,0,6
charts,7/14,51,0,7,0,0,0,0,6
chemistry,14/18,78,0,12,2,0,0,0,6
circuits,26/66,40,0,10,9,7,0,0,5
deed,3/6,51,0,3,0,0,0,0,7
echo,1/1,101,0,1,0,0,0,0,4
expense,11/28,40,0,9,2,0,0,0,8
expenses,11/28,40,0,9,2,0,0,0,8
farm,11/23,48,0,11,0,0,0,0,5
feather,8/26,31,0,4,3,1,0,0,4
ferry,1/1,101,0,1,0,0,0,0,5
francs,22/22,101,0,22,0,0,0,0,10
fund,9/20,46,0,7,2,0,0,0,8
gauge,12/34,36,0,12,0,0,0,0,6
gene,25/39,65,0,23,2,0,0,0,9
ham,1/2,51,0,1,0,0,0,0,9
homes,2/2,101,0,2,0,0,0,0,13
items,4/10,41,0,4,0,0,0,0,6
jerky,1/2,51,0,1,0,0,0,0,4
jet,7/8,88,0,7,0,0,0,0,5
joint,28/77,37,0,4,14,10,0,0,9
jokes,6/22,28,0,6,0,0,0,0,6
lark,2/4,51,0,2,0,0,0,0,14
leaf,59/83,72,0,19,33,7,0,0,8
mahogany,1/2,51,0,1,0,0,0,0,10
mill,10/31,33,0,7,3,0,0,0,7
ache,14/24,59,0,8,6,0,0,0,7
ad,8/27,30,0,5,2,1,0,0,9
almond,1/1,101,0,1,0,0,0,0,8
anchor,5/6,84,0,5,0,0,0,0,7
angles,37/67,56,0,30,7,0,0,0,8
bull,1/1,101,0,1,0,0,0,0,4
bun,9/36,26,0,3,6,0,0,0,8
buttresses,1/2,51,0,1,0,0,0,0,6
coach,8/10,81,0,5,3,0,0,0,9
colonies,1/4,26,0,1,0,0,0,0,8
colony,1/4,26,0,1,0,0,0,0,8
concert,1/1,101,0,1,0,0,0,0,6
copper,1/1,101,0,1,0,0,0,0,9
cottonwood,4/11,37,0,4,0,0,0,0,7
crow,1/2,51,0,1,0,0,0,0,13
diagram,4/8,51,0,3,1,0,0,0,5
doll,4/11,37,0,3,1,0,0,0,6
eagle,14/25,57,0,7,7,0,0,0,9
echoes,1/1,101,0,1,0,0,0,0,4
editor,9/21,43,0,6,3,0,0,0,5
estate,4/7,58,0,4,0,0,0,0,5
fauna,1/1,101,0,1,0,0,0,0,4
fee,10/38,27,0,10,0,0,0,0,8
feedback,2/5,41,0,2,0,0,0,0,7
fir,1/1,101,0,1,0,0,0,0,9
foul,3/4,76,0,3,0,0,0,0,8
goose,11/25,45,0,9,2,0,0,0,7
hen,4/9,45,0,4,0,0,0,0,5
industries,32/57,57,0,32,0,0,0,0,6
kettle,1/1,101,0,1,0,0,0,0,4
knob,1/2,51,0,1,0,0,0,0,4
locks,7/11,64,0,7,0,0,0,0,7
matches,4/6,67,0,4,0,0,0,0,5
mechanics,4/16,26,0,4,0,0,0,0,4
algebra,3/6,51,0,3,0,0,0,0,8
arcades,2/2,101,0,2,0,0,0,0,9
ashes,2/2,101,0,2,0,0,0,0,5
atrium,8/8,101,0,2,6,0,0,0,11
bandage,13/24,55,0,12,1,0,0,0,6
barn,3/6,51,0,3,0,0,0,0,4
basketball,1/1,101,0,1,0,0,0,0,14
bathing,2/2,101,0,2,0,0,0,0,5
biceps,5/5,101,0,5,0,0,0,0,12
biscuit,8/11,73,0,8,0,0,0,0,6
blankets,3/6,51,0,3,0,0,0,0,5
butterfly,19/65,30,0,9,9,1,0,0,6
campaigns,2/4,51,0,2,0,0,0,0,8
candles,2/6,34,0,2,0,0,0,0,4
charges,1/1,101,0,1,0,0,0,0,8
clay,6/18,34,0,6,0,0,0,0,5
clinic,1/1,101,0,1,0,0,0,0,5
competence,1/3,34,0,1,0,0,0,0,4
conspiracy,1/1,101,0,1,0,0,0,0,12
corn,12/19,64,0,6,6,0,0,0,9
cow,1/3,34,0,1,0,0,0,0,7
curry,1/1,101,0,1,0,0,0,0,6
deer,15/60,26,0,13,2,0,0,0,8
diagnosis,2/8,26,0,1,1,0,0,0,5
diet,23/31,75,0,19,4,0,0,0,10
drip,1/1,101,0,1,0,0,0,0,13
drum,5/14,36,0,5,0,0,0,0,4
economics,3/5,61,0,3,0,0,0,0,5
elm,28/45,63,0,28,0,0,0,0,10
etymology,1/1,101,0,1,0,0,0,0,6
factors,3/10,31,0,2,1,0,0,0,8
floors,3/7,43,0,3,0,0,0,0,5
fuses,2/4,51,0,2,0,0,0,0,8
hierarchy,2/3,67,0,2,0,0,0,0,5
hut,2/2,101,0,2,0,0,0,0,8
hypnosis,1/1,101,0,1,0,0,0,0,6
interview,3/3,101,0,3,0,0,0,0,9
jug,2/6,34,0,2,0,0,0,0,7
juice,6/8,76,0,6,0,0,0,0,6
lamps,27/68,40,0,19,7,1,0,0,8
lantern,3/4,76,0,3,0,0,0,0,7
legislation,1/3,34,0,1,0,0,0,0,15
lens,22/35,63,0,15,7,0,0,0,8
locomotive,6/18,34,0,4,2,0,0,0,5
log,2/2,101,0,2,0,0,0,0,6
mail,11/35,32,0,9,1,0,1,0,8
marmalade,1/1,101,0,1,0,0,0,0,8
masts,11/15,74,0,7,4,0,0,0,6
mat,2/2,101,0,2,0,0,0,0,7
mayor,2/4,51,0,2,0,0,0,0,4
mob,1/1,101,0,1,0,0,0,0,7
monoxide,2/3,67,0,2,0,0,0,0,5
album,3/4,76,0,1,2,0,0,0,8
alphabet,12/16,76,0,12,0,0,0,0,7
aorta,4/5,81,0,4,0,0,0,0,10
artery,117/216,55,0,79,35,3,0,0,13
barley,1/1,101,0,1,0,0,0,0,7
bats,41/78,53,0,4,13,22,2,0,12
bin,11/21,53,0,11,0,0,0,0,6
blonde,2/5,41,0,2,0,0,0,0,8
bond,10/13,77,0,7,3,0,0,0,10
bonnet,1/1,101,0,1,0,0,0,0,4
boost,1/2,51,0,1,0,0,0,0,10
bourgeoisie,2/3,67,0,2,0,0,0,0,6
bud,1/1,101,0,1,0,0,0,0,5
budget,1/2,51,0,1,0,0,0,0,8
bullets,2/5,41,0,2,0,0,0,0,6
buses,3/5,61,0,3,0,0,0,0,9
buyer,1/3,34,0,1,0,0,0,0,6
cactus,23/62,38,0,20,3,0,0,0,10
calendar,19/19,101,0,3,14,2,0,0,9
cane,2/5,41,0,2,0,0,0,0,7
canoe,3/8,38,0,3,0,0,0,0,5
carte,1/3,34,0,1,0,0,0,0,6
carts,11/20,56,0,10,1,0,0,0,5
catalogue,4/9,45,0,3,1,0,0,0,5
caustic,3/8,38,0,0,3,0,0,0,6
caviar,1/1,101,0,1,0,0,0,0,8
cedar,15/32,47,0,15,0,0,0,0,11
certificate,4/14,29,0,4,0,0,0,0,4
chant,2/4,51,0,2,0,0,0,0,7
chloride,13/18,73,0,11,2,0,0,0,6
circles,3/5,61,0,3,0,0,0,0,6
colloquia,1/1,101,0,1,0,0,0,0,10
commissioner,4/4,101,0,4,0,0,0,0,7
coup,1/1,101,0,1,0,0,0,0,8
critic,6/6,101,0,6,0,0,0,0,8
defense,10/23,44,0,8,2,0,0,0,7
delusion,4/15,27,0,4,0,0,0,0,7
disk,1/4,26,0,1,0,0,0,0,8
dollar,24/25,97,0,23,1,0,0,0,10
dune,1/1,101,0,1,0,0,0,0,6
dwarf,7/7,101,0,7,0,0,0,0,11
exposure,1/4,26,0,1,0,0,0,0,4
fence,7/21,34,0,3,4,0,0,0,6
flood,4/8,51,0,3,1,0,0,0,7
goat,10/22,46,0,6,4,0,0,0,6
gravel,2/5,41,0,2,0,0,0,0,4
grenade,2/2,101,0,2,0,0,0,0,6
grocer,1/1,101,0,1,0,0,0,0,6
grocery,1/3,34,0,1,0,0,0,0,5
handling,1/3,34,0,1,0,0,0,0,4
hash,1/1,101,0,1,0,0,0,0,13
heirs,4/6,67,0,4,0,0,0,0,8
hoe,2/3,67,0,2,0,0,0,0,7
hyena,4/10,41,0,4,0,0,0,0,8
infant,11/32,35,0,2,9,0,0,0,6
integral,2/2,101,0,2,0,0,0,0,11
inventory,1/1,101,0,1,0,0,0,0,7
iodine,2/2,101,0,2,0,0,0,0,5
jar,6/14,43,0,6,0,0,0,0,5
jaws,6/14,43,0,5,1,0,0,0,7
kicks,8/10,81,0,5,2,1,0,0,5
lice,5/11,46,0,5,0,0,0,0,7
lilacs,6/14,43,0,6,0,0,0,0,11
lizard,42/126,34,0,11,24,4,3,0,9
loaf,5/5,101,0,3,1,1,0,0,6
lobsters,6/8,76,0,6,0,0,0,0,7
locust,1/3,34,0,1,0,0,0,0,13
magistrate,1/3,34,0,1,0,0,0,0,8
mammoth,4/8,51,0,4,0,0,0,0,11
manager,3/3,101,0,3,0,0,0,0,6
marigold,4/6,67,0,4,0,0,0,0,7
marshal,2/2,101,0,2,0,0,0,0,5
microphone,5/7,72,0,4,1,0,0,0,7
mop,4/4,101,0,4,0,0,0,0,6
mortgage,3/3,101,0,3,0,0,0,0,8
mosquito,5/12,42,0,5,0,0,0,0,8
accountant,3/8,38,0,3,0,0,0,0,4
agate,1/1,101,0,1,0,0,0,0,6
al,6/6,101,0,6,0,0,0,0,8
analyses,17/49,35,0,7,6,4,0,0,8
anatomy,13/19,69,0,12,1,0,0,0,8
anemone,6/19,32,0,6,0,0,0,0,10
antennae,8/18,45,0,4,4,0,0,0,5
arthritis,9/13,70,0,7,2,0,0,0,8
aspirin,3/5,61,0,3,0,0,0,0,9
asthma,1/1,101,0,1,0,0,0,0,13
balm,1/1,101,0,1,0,0,0,0,11
banana,3/12,26,0,3,0,0,0,0,8
bean,32/43,75,0,4,9,4,15,0,7
bees,18/26,70,0,11,7,0,0,0,10
benefits,7/21,34,0,6,1,0,0,0,5
benzene,3/4,76,0,3,0,0,0,0,8
bicarbonate,5/10,51,0,5,0,0,0,0,9
biscuits,8/11,73,0,8,0,0,0,0,6
bison,2/7,29,0,2,0,0,0,0,6
blackbird,3/11,28,0,3,0,0,0,0,5
bladder,3/3,101,0,3,0,0,0,0,6
blockade,2/5,41,0,2,0,0,0,0,4
blot,2/6,34,0,2,0,0,0,0,5
boulder,3/3,101,0,3,0,0,0,0,7
breach,10/10,101,0,2,8,0,0,0,13
bribery,1/2,51,0,1,0,0,0,0,7
bromide,3/3,101,0,3,0,0,0,0,8
bronchitis,1/3,34,0,1,0,0,0,0,13
bronco,1/1,101,0,1,0,0,0,0,9
brook,1/1,101,0,1,0,0,0,0,4
broth,2/8,26,0,2,0,0,0,0,6
butt,1/1,101,0,1,0,0,0,0,7
buttercup,7/18,39,0,7,0,0,0,0,9
capitalism,1/1,101,0,1,0,0,0,0,9
chapels,2/3,67,0,2,0,0,0,0,4
chemist,4/5,81,0,4,0,0,0,0,6
chimpanzee,4/9,45,0,4,0,0,0,0,9
chlorine,1/1,101,0,1,0,0,0,0,6
cicada,3/5,61,0,3,0,0,0,0,12
clam,11/27,41,0,9,2,0,0,0,9
claw,1/2,51,0,1,0,0,0,0,4
closet,2/5,41,0,2,0,0,0,0,5
coefficient,11/30,37,0,10,1,0,0,0,7
colloquium,1/1,101,0,1,0,0,0,0,10
comedy,8/14,58,0,8,0,0,0,0,5
communion,1/1,101,0,1,0,0,0,0,6
compressor,1/2,51,0,1,0,0,0,0,4
cookie,15/39,39,0,14,1,0,0,0,6
corporations,6/23,27,0,6,0,0,0,0,7
credulity,1/1,101,0,1,0,0,0,0,5
cress,26/68,39,0,10,16,0,0,0,10
cyst,10/18,56,0,9,1,0,0,0,8
dancers,6/23,27,0,6,0,0,0,0,5
deficit,1/1,101,0,1,0,0,0,0,8
dove,5/9,56,0,4,1,0,0,0,12
downs,4/5,81,0,3,1,0,0,0,6
duct,21/71,30,0,18,3,0,0,0,10
earring,2/3,67,0,2,0,0,0,0,5
earrings,2/3,67,0,2,0,0,0,0,5
eel,1/2,51,0,1,0,0,0,0,5
equation,12/15,81,0,7,5,0,0,0,11
estates,4/7,58,0,4,0,0,0,0,5
exam,15/29,52,0,15,0,0,0,0,8
expresses,1/1,101,0,1,0,0,0,0,6
farming,6/24,26,0,6,0,0,0,0,6
fires,12/17,71,0,8,4,0,0,0,6
fishery,1/1,101,0,1,0,0,0,0,7
flea,4/12,34,0,4,0,0,0,0,10
flint,2/3,67,0,2,0,0,0,0,5
floods,4/8,51,0,3,1,0,0,0,7
flour,7/10,71,0,4,3,0,0,0,7
flu,4/4,101,0,4,0,0,0,0,10
foil,6/8,76,0,6,0,0,0,0,6
forecast,2/3,67,0,2,0,0,0,0,9
forests,5/11,46,0,3,2,0,0,0,5
fraud,12/37,33,0,11,1,0,0,0,6
furnace,9/25,37,0,7,2,0,0,0,4
gable,2/3,67,0,2,0,0,0,0,6
gables,2/3,67,0,2,0,0,0,0,6
gauze,1/1,101,0,1,0,0,0,0,12
gentry,1/2,51,0,1,0,0,0,0,7
glances,1/3,34,0,1,0,0,0,0,5
goddess,2/3,67,0,2,0,0,0,0,6
grammar,3/9,34,0,2,1,0,0,0,10
grease,1/1,101,0,1,0,0,0,0,6
grid,2/2,101,0,2,0,0,0,0,9
guitar,5/12,42,0,5,0,0,0,0,4
gum,2/2,101,0,2,0,0,0,0,7
harp,2/5,41,0,2,0,0,0,0,5
hazard,4/5,81,0,3,1,0,0,0,9
hemp,4/6,67,0,4,0,0,0,0,6
hind,1/2,51,0,1,0,0,0,0,13
honeysuckle,17/36,48,0,16,1,0,0,0,7
hydrate,1/1,101,0,1,0,0,0,0,5
hydrometer,1/3,34,0,1,0,0,0,0,5
illiterate,1/3,34,0,1,0,0,0,0,5
inverse,2/3,67,0,2,0,0,0,0,10
juror,2/6,34,0,2,0,0,0,0,5
knights,5/11,46,0,5,0,0,0,0,9
laboratories,4/9,45,0,4,0,0,0,0,4
laureate,1/3,34,0,1,0,0,0,0,4
lavender,4/8,51,0,4,0,0,0,0,10
leagues,10/15,67,0,9,1,0,0,0,6
leprosy,2/2,101,0,2,0,0,0,0,13
lien,10/10,101,0,7,3,0,0,0,11
lily,25/42,60,0,25,0,0,0,0,10
lining,3/6,51,0,3,0,0,0,0,6
loom,8/9,89,0,6,2,0,0,0,8
lotion,3/6,51,0,3,0,0,0,0,5
mackerel,2/2,101,0,2,0,0,0,0,8
magnet,8/12,67,0,7,1,0,0,0,6
magpie,2/4,51,0,2,0,0,0,0,9
makers,28/92,31,0,22,4,2,0,0,5
maple,1/1,101,0,1,0,0,0,0,12
masochism,1/1,101,0,1,0,0,0,0,5
mayonnaise,1/2,51,0,1,0,0,0,0,4
mesquite,3/11,28,0,3,0,0,0,0,7
missile,9/25,37,0,6,3,0,0,0,6
moss,5/8,63,0,5,0,0,0,0,8
mould,1/3,34,0,1,0,0,0,0,5
abscess,1/1,101,0,1,0,0,0,0,9
acetate,1/3,34,0,1,0,0,0,0,4
additive,2/3,67,0,2,0,0,0,0,6
additives,2/3,67,0,2,0,0,0,0,6
adjective,4/11,37,0,4,0,0,0,0,7
adjutant,1/1,101,0,1,0,0,0,0,9
agglutinin,1/1,101,0,1,0,0,0,0,4
agrimony,1/4,26,0,1,0,0,0,0,9
albumin,2/4,51,0,2,0,0,0,0,4
aldehyde,7/14,51,0,7,0,0,0,0,4
algorithm,2/3,67,0,2,0,0,0,0,6
alizarin,3/3,101,0,3,0,0,0,0,7
allegro,1/1,101,0,1,0,0,0,0,13
allele,2/4,51,0,2,0,0,0,0,7
allergy,4/9,45,0,4,0,0,0,0,9
aloe,1/4,26,0,1,0,0,0,0,6
amide,5/11,46,0,5,0,0,0,0,6
ammeter,1/1,101,0,1,0,0,0,0,6
amnesia,6/8,76,0,5,1,0,0,0,12
amoeba,1/2,51,0,0,1,0,0,0,9
amoebae,1/2,51,0,0,1,0,0,0,9
analyst,2/3,67,0,2,0,0,0,0,8
angelica,3/5,61,0,3,0,0,0,0,8
anhydride,2/2,101,0,2,0,0,0,0,9
anion,1/4,26,0,1,0,0,0,0,8
annuity,4/9,45,0,4,0,0,0,0,7
anorexia,1/1,101,0,1,0,0,0,0,9
antenna,8/18,45,0,4,4,0,0,0,5
anthem,1/1,101,0,1,0,0,0,0,10
antonym,2/2,101,0,2,0,0,0,0,9
apatite,1/1,101,0,1,0,0,0,0,6
aphasia,22/26,85,0,22,0,0,0,0,8
aphid,8/17,48,0,4,4,0,0,0,10
apricot,4/8,51,0,4,0,0,0,0,6
arbitrage,2/2,101,0,2,0,0,0,0,8
arteriosclerosis,1/3,34,0,1,0,0,0,0,6
aspen,10/13,77,0,10,0,0,0,0,13
aster,41/61,68,0,38,3,0,0,0,11
attache,5/5,101,0,2,3,0,0,0,7
audit,2/2,101,0,2,0,0,0,0,10
autism,1/1,101,0,1,0,0,0,0,11
awl,2/5,41,0,2,0,0,0,0,5
bacilli,3/7,43,0,3,0,0,0,0,8
bacillus,3/7,43,0,3,0,0,0,0,8
backhand,1/1,101,0,1,0,0,0,0,12
bagel,1/1,101,0,1,0,0,0,0,7
bale,1/1,101,0,1,0,0,0,0,5
balloon,4/4,101,0,3,1,0,0,0,9
ballot,1/1,101,0,1,0,0,0,0,10
barberry,4/7,58,0,4,0,0,0,0,10
barium,6/7,86,0,0,6,0,0,0,8
barnacle,4/6,67,0,4,0,0,0,0,8
barometer,2/5,41,0,2,0,0,0,0,4
barracuda,2/2,101,0,2,0,0,0,0,9
basil,3/3,101,0,3,0,0,0,0,9
beech,9/17,53,0,9,0,0,0,0,11
begonia,18/29,63,0,17,1,0,0,0,11
benches,3/10,31,0,3,0,0,0,0,4
bikes,4/6,67,0,4,0,0,0,0,5
bindweed,2/7,29,0,2,0,0,0,0,10
bittern,3/7,43,0,3,0,0,0,0,10
bloc,1/3,34,0,1,0,0,0,0,12
botfly,3/7,43,0,3,0,0,0,0,9
bowman,1/1,101,0,1,0,0,0,0,5
bowmen,1/1,101,0,1,0,0,0,0,5
brace,4/5,81,0,4,0,0,0,0,5
bracket,4/4,101,0,4,0,0,0,0,8
brittle,1/1,101,0,1,0,0,0,0,8
brokerage,1/3,34,0,1,0,0,0,0,6
bulldog,1/1,101,0,1,0,0,0,0,8
buoy,9/11,82,0,5,4,0,0,0,6
burdock,4/7,58,0,4,0,0,0,0,7
burglar,1/2,51,0,1,0,0,0,0,5
bustard,1/4,26,0,1,0,0,0,0,7
buttress,1/2,51,0,1,0,0,0,0,6
cacao,1/2,51,0,1,0,0,0,0,6
cacti,23/62,38,0,20,3,0,0,0,10
caiman,1/2,51,0,1,0,0,0,0,11
calcium,1/2,51,0,1,0,0,0,0,4
caliper,5/8,63,0,5,0,0,0,0,9
calla,2/3,67,0,2,0,0,0,0,10
cankerworm,2/2,101,0,2,0,0,0,0,7
capacitor,3/9,34,0,3,0,0,0,0,6
caper,5/12,42,0,5,0,0,0,0,11
caps,24/55,44,0,24,0,0,0,0,6
caraway,1/1,101,0,1,0,0,0,0,9
carbide,2/2,101,0,2,0,0,0,0,9
carbonate,15/22,69,0,7,8,0,0,0,8
carcinoma,11/33,34,0,9,2,0,0,0,7
caribou,3/4,76,0,3,0,0,0,0,11
cartel,2/4,51,0,2,0,0,0,0,12
cartilage,5/9,56,0,5,0,0,0,0,5
casserole,1/4,26,0,1,0,0,0,0,9
cassette,2/2,101,0,2,0,0,0,0,6
catalysis,1/1,101,0,1,0,0,0,0,5
cataract,3/3,101,0,3,0,0,0,0,14
cathode,2/2,101,0,2,0,0,0,0,6
cellulose,3/7,43,0,3,0,0,0,0,4
centipede,1/2,51,0,1,0,0,0,0,10
cession,1/2,51,0,1,0,0,0,0,4
chad,5/6,84,0,5,0,0,0,0,7
chairmen,1/2,51,0,1,0,0,0,0,5
chaplain,3/6,51,0,3,0,0,0,0,4
char,2/5,41,0,2,0,0,0,0,7
chickadee,2/5,41,0,2,0,0,0,0,8
childbirth,5/12,42,0,1,4,0,0,0,9
chisel,6/8,76,0,6,0,0,0,0,5
cholesterol,3/3,101,0,2,1,0,0,0,8
chowder,5/5,101,0,3,2,0,0,0,10
chromate,1/1,101,0,1,0,0,0,0,6
chromatography,2/2,101,0,2,0,0,0,0,7
chute,3/5,61,0,3,0,0,0,0,7
cider,3/4,76,0,2,1,0,0,0,6
civet,4/16,26,0,4,0,0,0,0,9
clarinet,2/4,51,0,2,0,0,0,0,6
climatology,1/1,101,0,1,0,0,0,0,4
coats,25/84,30,0,16,9,0,0,0,6
cobalt,1/1,101,0,1,0,0,0,0,4
cobra,5/12,42,0,5,0,0,0,0,7
cockatoo,2/5,41,0,2,0,0,0,0,10
cockroach,6/15,41,0,6,0,0,0,0,7
colon,5/6,84,0,5,0,0,0,0,10
colonels,2/2,101,0,2,0,0,0,0,9
coma,3/3,101,0,3,0,0,0,0,10
concerti,1/1,101,0,1,0,0,0,0,8
concerto,1/1,101,0,1,0,0,0,0,8
conch,1/2,51,0,1,0,0,0,0,8
consort,1/1,101,0,1,0,0,0,0,8
coot,2/7,29,0,2,0,0,0,0,8
corp,6/23,27,0,6,0,0,0,0,14
cortex,2/4,51,0,2,0,0,0,0,5
cranberry,5/13,39,0,5,0,0,0,0,6
crocus,1/3,34,0,1,0,0,0,0,6
cuff,1/1,101,0,1,0,0,0,0,9
cuffs,1/1,101,0,1,0,0,0,0,9
cumulus,2/3,67,0,2,0,0,0,0,7
curlew,2/4,51,0,2,0,0,0,0,10
currant,2/3,67,0,2,0,0,0,0,5
cutback,1/1,101,0,1,0,0,0,0,9
cutworm,1/2,51,0,1,0,0,0,0,12
cycling,3/3,101,0,3,0,0,0,0,5
dandelion,2/7,29,0,2,0,0,0,0,7
dating,5/5,101,0,5,0,0,0,0,13
deacon,1/1,101,0,1,0,0,0,0,4
decimal,3/3,101,0,3,0,0,0,0,11
delegate,1/1,101,0,1,0,0,0,0,11
denture,1/4,26,0,1,0,0,0,0,4
dervish,1/2,51,0,1,0,0,0,0,5
detergent,3/9,34,0,3,0,0,0,0,6
diabetes,25/28,90,0,2,23,0,0,0,15
diagnoses,2/8,26,0,1,1,0,0,0,5
diagrams,4/8,51,0,3,1,0,0,0,5
dialysis,2/6,34,0,2,0,0,0,0,5
diplomacy,3/5,61,0,3,0,0,0,0,7
dipole,2/3,67,0,2,0,0,0,0,10
dividend,3/4,76,0,3,0,0,0,0,6
divisor,2/8,26,0,1,1,0,0,0,12
dogbane,3/9,34,0,3,0,0,0,0,11
dogwood,9/26,35,0,9,0,0,0,0,7
dough,2/6,34,0,2,0,0,0,0,5
drill,13/24,55,0,9,4,0,0,0,6
dryad,1/1,101,0,1,0,0,0,0,5
dunk,1/1,101,0,1,0,0,0,0,6
dwarves,7/7,101,0,7,0,0,0,0,11
dysentery,3/4,76,0,3,0,0,0,0,7
dystrophy,8/10,81,0,8,0,0,0,0,17
eardrum,1/1,101,0,1,0,0,0,0,12
earwig,1/2,51,0,1,0,0,0,0,16
egret,4/12,34,0,4,0,0,0,0,9
electrolyte,1/1,101,0,1,0,0,0,0,5
electron,3/4,76,0,3,0,0,0,0,5
electrophoresis,3/3,101,0,3,0,0,0,0,7
emissary,1/2,51,0,1,0,0,0,0,4
encephalitis,20/27,75,0,12,8,0,0,0,11
equinox,6/9,67,0,6,0,0,0,0,5
erasers,4/5,81,0,4,0,0,0,0,6
eruption,1/1,101,0,1,0,0,0,0,9
ethylene,1/3,34,0,1,0,0,0,0,4
fennel,2/5,41,0,2,0,0,0,0,12
fern,198/469,43,0,96,99,3,0,0,13
feud,1/2,51,0,1,0,0,0,0,6
fibrosis,3/6,51,0,3,0,0,0,0,9
file,15/24,63,0,3,11,1,0,0,7
filet,1/3,34,0,1,0,0,0,0,7
flask,7/13,54,0,5,2,0,0,0,7
flip,1/1,101,0,1,0,0,0,0,6
fluoride,5/5,101,0,5,0,0,0,0,11
flux,3/3,101,0,2,1,0,0,0,9
follicle,2/2,101,0,2,0,0,0,0,8
font,12/37,33,0,9,3,0,0,0,8
footprint,1/1,101,0,1,0,0,0,0,10
forecasts,2/3,67,0,2,0,0,0,0,9
format,2/4,51,0,2,0,0,0,0,12
formatting,2/4,51,0,2,0,0,0,0,8
foxglove,3/10,31,0,3,0,0,0,0,6
foxhound,3/4,76,0,3,0,0,0,0,8
fracture,16/16,101,0,15,1,0,0,0,10
franc,22/22,101,0,22,0,0,0,0,10
fritter,2/2,101,0,2,0,0,0,0,6
fudge,2/7,29,0,2,0,0,0,0,5
fulminate,2/3,67,0,2,0,0,0,0,10
gale,5/5,101,0,5,0,0,0,0,7
gallinule,4/9,45,0,2,2,0,0,0,10
galvanometer,3/3,101,0,2,1,0,0,0,11
gator,4/4,101,0,4,0,0,0,0,15
gears,9/19,48,0,8,1,0,0,0,9
gecko,3/4,76,0,3,0,0,0,0,11
geese,11/25,45,0,9,2,0,0,0,7
gel,1/1,101,0,1,0,0,0,0,6
genitive,2/2,101,0,2,0,0,0,0,15
gentian,17/41,42,0,16,1,0,0,0,10
geometry,17/17,101,0,14,3,0,0,0,10
geranium,14/50,29,0,10,4,0,0,0,8
ginger,5/17,30,0,5,0,0,0,0,9
girdle,2/5,41,0,2,0,0,0,0,4
glacier,6/6,101,0,5,1,0,0,0,12
gland,50/107,47,0,6,27,15,2,0,8
glans,2/2,101,0,2,0,0,0,0,9
glaucoma,6/6,101,0,6,0,0,0,0,12
globulin,16/28,58,0,5,4,7,0,0,5
glucose,2/7,29,0,2,0,0,0,0,5
glue,4/4,101,0,4,0,0,0,0,7
glyceride,1/1,101,0,1,0,0,0,0,4
godwit,1/2,51,0,1,0,0,0,0,11
goldenrod,18/30,61,0,18,0,0,0,0,8
governments,9/36,26,0,6,3,0,0,0,4
gradient,3/3,101,0,3,0,0,0,0,12
gradients,3/3,101,0,3,0,0,0,0,12
graft,5/6,84,0,5,0,0,0,0,5
grebe,6/12,51,0,6,0,0,0,0,12
greyhound,1/2,51,0,1,0,0,0,0,4
grosbeak,2/6,34,0,2,0,0,0,0,11
hackberry,3/7,43,0,3,0,0,0,0,9
hackle,1/2,51,0,1,0,0,0,0,8
hamster,3/5,61,0,3,0,0,0,0,10
harrow,2/2,101,0,2,0,0,0,0,6
haw,12/33,37,0,12,0,0,0,0,13
heater,9/26,35,0,8,1,0,0,0,5
heath,23/42,55,0,10,13,0,0,0,9
helix,1/1,101,0,1,0,0,0,0,8
hellebore,2/5,41,0,2,0,0,0,0,5
hemoglobin,1/2,51,0,1,0,0,0,0,4
hepatitis,8/8,101,0,3,5,0,0,0,6
herpes,6/10,61,0,2,4,0,0,0,6
hexagon,1/1,101,0,1,0,0,0,0,9
hilt,1/1,101,0,1,0,0,0,0,8
hinge,5/5,101,0,5,0,0,0,0,5
holly,11/23,48,0,11,0,0,0,0,9
holster,1/1,101,0,1,0,0,0,0,10
hoof,1/3,34,0,1,0,0,0,0,8
hooves,1/3,34,0,1,0,0,0,0,8
horehound,2/3,67,0,2,0,0,0,0,8
hornbeam,2/4,51,0,2,0,0,0,0,10
hornet,4/8,51,0,4,0,0,0,0,10
horsetail,8/18,45,0,8,0,0,0,0,9
hutch,1/1,101,0,1,0,0,0,0,8
hydrangea,4/16,26,0,4,0,0,0,0,9
hydride,2/7,29,0,2,0,0,0,0,4
hydroxide,6/17,36,0,6,0,0,0,0,6
hysterectomy,3/3,101,0,3,0,0,0,0,6
ibis,3/5,61,0,3,0,0,0,0,9
implant,8/18,45,0,5,3,0,0,0,9
infarct,2/3,67,0,2,0,0,0,0,7
infinitive,1/1,101,0,1,0,0,0,0,7
inflation,2/4,51,0,2,0,0,0,0,7
insulin,1/4,26,0,1,0,0,0,0,8
iodide,4/4,101,0,4,0,0,0,0,9
iris,20/45,45,0,11,9,0,0,0,9
jaundice,2/4,51,0,2,0,0,0,0,15
jubilee,2/2,101,0,2,0,0,0,0,8
junco,2/3,67,0,2,0,0,0,0,12
kangaroo,12/25,49,0,6,6,0,0,0,6
ketone,3/10,31,0,3,0,0,0,0,7
keyboard,4/7,58,0,3,1,0,0,0,5
kingfisher,2/7,29,0,2,0,0,0,0,5
kinglet,3/8,38,0,3,0,0,0,0,10
knives,28/44,64,0,18,10,0,0,0,6
kumquat,4/8,51,0,4,0,0,0,0,7
lab,9/9,101,0,9,0,0,0,0,11
labial,2/2,101,0,2,0,0,0,0,4
lac,5/5,101,0,5,0,0,0,0,6
lacewing,2/8,26,0,2,0,0,0,0,4
lamprey,1/2,51,0,1,0,0,0,0,8
landfill,1/1,101,0,1,0,0,0,0,10
lathe,1/1,101,0,1,0,0,0,0,7
lattice,3/3,101,0,3,0,0,0,0,8
lava,1/3,34,0,1,0,0,0,0,4
leech,2/3,67,0,2,0,0,0,0,10
leeward,2/2,101,0,2,0,0,0,0,5
lemming,9/14,65,0,8,1,0,0,0,11
leukemia,21/24,88,0,9,12,0,0,0,14
libertarian,2/2,101,0,2,0,0,0,0,8
lichen,2/2,101,0,2,0,0,0,0,11
ligament,3/3,101,0,3,0,0,0,0,15
lithograph,1/1,101,0,1,0,0,0,0,6
lithography,3/3,101,0,3,0,0,0,0,7
loan,20/25,81,0,14,6,0,0,0,10
loaves,5/5,101,0,3,1,1,0,0,6
lobe,9/15,61,0,9,0,0,0,0,9
lobotomy,1/1,101,0,1,0,0,0,0,14
locoweed,1/3,34,0,1,0,0,0,0,8
loft,1/1,101,0,1,0,0,0,0,10
logarithm,3/3,101,0,3,0,0,0,0,9
lore,1/2,51,0,1,0,0,0,0,8
louse,5/11,46,0,5,0,0,0,0,7
lupine,4/13,31,0,4,0,0,0,0,8
lyric,1/1,101,0,1,0,0,0,0,6
maidenhair,12/20,61,0,9,3,0,0,0,9
mallet,2/3,67,0,2,0,0,0,0,6
mallow,31/125,25,0,17,14,0,0,0,8
manifold,3/3,101,0,3,0,0,0,0,8
mantis,1/3,34,0,1,0,0,0,0,9
manure,4/5,81,0,4,0,0,0,0,6
marlin,5/9,56,0,5,0,0,0,0,9
marmot,3/10,31,0,3,0,0,0,0,8
marrow,4/4,101,0,4,0,0,0,0,9
marten,5/17,30,0,5,0,0,0,0,7
martini,1/1,101,0,1,0,0,0,0,7
mash,1/1,101,0,1,0,0,0,0,6
masonry,2/7,29,0,1,1,0,0,0,4
masque,1/3,34,0,1,0,0,0,0,9
masquerade,1/3,34,0,1,0,0,0,0,5
massage,3/8,38,0,3,0,0,0,0,5
mastiff,1/1,101,0,1,0,0,0,0,9
mastodon,2/3,67,0,2,0,0,0,0,10
matrices,10/14,72,0,4,3,1,2,0,8
matrix,10/14,72,0,4,3,1,2,0,8
mayo,1/2,51,0,1,0,0,0,0,10
meets,4/6,67,0,4,0,0,0,0,6
melon,11/15,74,0,4,4,3,0,0,6
memo,1/2,51,0,1,0,0,0,0,10
meningitis,7/10,71,0,6,1,0,0,0,9
merganser,5/11,46,0,5,0,0,0,0,8
meson,4/9,45,0,4,0,0,0,0,4
metabolism,3/7,43,0,3,0,0,0,0,5
metallurgy,1/1,101,0,1,0,0,0,0,8
metaphor,4/4,101,0,4,0,0,0,0,8
meteor,5/8,63,0,2,3,0,0,0,5
methyl,1/2,51,0,1,0,0,0,0,7
microscopy,2/5,41,0,2,0,0,0,0,14
milkweed,9/29,32,0,9,0,0,0,0,9
mistletoe,1/3,34,0,1,0,0,0,0,13
modem,1/1,101,0,1,0,0,0,0,10
mongoose,1/4,26,0,1,0,0,0,0,7
monogamy,1/2,51,0,1,0,0,0,0,4
montage,1/1,101,0,1,0,0,0,0,6
morel,10/22,46,0,9,1,0,0,0,9
morphine,1/1,101,0,1,0,0,0,0,4
moth,69/153,46,0,19,40,7,3,0,10
muffin,2/3,67,0,2,0,0,0,0,4
aunts,3/3,101,0,3,0,0,0,0,7
boiler,2/2,101,0,2,0,0,0,0,9
bonds,10/13,77,0,7,3,0,0,0,10
buckles,1/1,101,0,1,0,0,0,0,6
claws,1/2,51,0,1,0,0,0,0,4
commander,2/7,29,0,2,0,0,0,0,9
computer,16/55,30,0,4,4,3,5,0,5
concerts,1/1,101,0,1,0,0,0,0,6
costumes,1/3,34,0,1,0,0,0,0,7
courses,7/23,31,0,7,0,0,0,0,8
density,8/15,54,0,6,2,0,0,0,6
elections,5/10,51,0,5,0,0,0,0,4
engineers,15/32,47,0,14,1,0,0,0,5
fees,10/38,27,0,10,0,0,0,0,8
files,15/24,63,0,3,11,1,0,0,7
frogs,34/109,32,0,13,19,2,0,0,11
genes,25/39,65,0,23,2,0,0,0,9
hearings,3/4,76,0,3,0,0,0,0,10
helicopters,3/4,76,0,3,0,0,0,0,7
jumps,1/2,51,0,1,0,0,0,0,9
jurors,2/6,34,0,2,0,0,0,0,5
loosestrife,3/6,51,0,3,0,0,0,0,6
mats,2/2,101,0,2,0,0,0,0,7
adenoma,2/2,101,0,2,0,0,0,0,6
adjectives,4/11,37,0,4,0,0,0,0,7
anchors,5/6,84,0,5,0,0,0,0,7
ax,21/26,81,0,16,2,3,0,0,8
bellflower,9/32,29,0,9,0,0,0,0,7
bins,11/21,53,0,11,0,0,0,0,6
bitt,1/1,101,0,1,0,0,0,0,8
brant,1/2,51,0,1,0,0,0,0,12
butene,1/3,34,0,1,0,0,0,0,6
camels,2/5,41,0,2,0,0,0,0,10
campion,5/19,27,0,5,0,0,0,0,7
chaplains,3/6,51,0,3,0,0,0,0,4
checks,10/21,48,0,10,0,0,0,0,8
chromatin,1/1,101,0,1,0,0,0,0,5
coaches,8/10,81,0,5,3,0,0,0,9
coals,9/12,76,0,7,2,0,0,0,6
codes,8/18,45,0,6,2,0,0,0,7
conspiracies,1/1,101,0,1,0,0,0,0,12
counts,6/9,67,0,6,0,0,0,0,6
cultures,11/24,46,0,8,3,0,0,0,12
daisies,2/3,67,0,2,0,0,0,0,9
daughters,1/1,101,0,1,0,0,0,0,10
decks,23/32,72,0,17,5,1,0,0,7
departments,51/135,38,0,6,40,5,0,0,8
drivers,12/31,39,0,12,0,0,0,0,4
drums,5/14,36,0,5,0,0,0,0,4
dunes,1/1,101,0,1,0,0,0,0,6
fantasies,2/8,26,0,2,0,0,0,0,4
farms,11/23,48,0,11,0,0,0,0,5
feathers,8/26,31,0,4,3,1,0,0,4
filters,8/24,34,0,7,1,0,0,0,5
fines,1/1,101,0,1,0,0,0,0,9
furnaces,9/25,37,0,7,2,0,0,0,4
hides,2/3,67,0,2,0,0,0,0,4
hypochlorite,2/5,41,0,2,0,0,0,0,4
joints,28/77,37,0,4,14,10,0,0,9
kingbird,6/9,67,0,6,0,0,0,0,10
loans,20/25,81,0,14,6,0,0,0,10
manuals,3/9,34,0,3,0,0,0,0,9
manzanita,5/7,72,0,5,0,0,0,0,11
mesoderm,2/3,67,0,2,0,0,0,0,5
anxieties,2/7,29,0,2,0,0,0,0,4
balances,2/3,67,0,2,0,0,0,0,8
bananas,3/12,26,0,3,0,0,0,0,8
baskets,6/15,41,0,4,2,0,0,0,4
beans,32/43,75,0,4,9,4,15,0,7
beers,9/29,32,0,3,6,0,0,0,5
bellies,1/2,51,0,1,0,0,0,0,5
bills,5/5,101,0,5,0,0,0,0,10
boating,1/1,101,0,1,0,0,0,0,5
bombing,8/8,101,0,4,3,1,0,0,8
bronzes,6/8,76,0,6,0,0,0,0,7
buckets,3/11,28,0,3,0,0,0,0,4
butchers,1/1,101,0,1,0,0,0,0,6
butterflies,19/65,30,0,9,9,1,0,0,6
butts,1/1,101,0,1,0,0,0,0,7
calendars,19/19,101,0,3,14,2,0,0,9
cameras,13/15,87,0,12,1,0,0,0,8
canoes,3/8,38,0,3,0,0,0,0,5
cassettes,2/2,101,0,2,0,0,0,0,6
cedars,15/32,47,0,15,0,0,0,0,11
ceding,1/2,51,0,1,0,0,0,0,5
charters,2/2,101,0,2,0,0,0,0,6
cheques,7/21,34,0,7,0,0,0,0,7
chins,1/2,51,0,1,0,0,0,0,6
collars,7/14,51,0,7,0,0,0,0,5
conditioning,5/7,72,0,4,1,0,0,0,9
contamination,1/1,101,0,1,0,0,0,0,6
cookies,15/39,39,0,14,1,0,0,0,6
crocuses,1/3,34,0,1,0,0,0,0,6
crowding,1/2,51,0,1,0,0,0,0,4
cubism,2/2,101,0,2,0,0,0,0,11
cushions,1/2,51,0,1,0,0,0,0,4
cyanides,1/3,34,0,1,0,0,0,0,7
damages,8/13,62,0,6,2,0,0,0,7
deals,1/2,51,0,1,0,0,0,0,6
depositions,2/4,51,0,2,0,0,0,0,4
dolls,4/11,37,0,3,1,0,0,0,6
doves,5/9,56,0,4,1,0,0,0,12
eclipses,5/5,101,0,4,1,0,0,0,7
editors,9/21,43,0,6,3,0,0,0,5
eels,1/2,51,0,1,0,0,0,0,5
election,5/10,51,0,5,0,0,0,0,4
electronics,1/3,34,0,1,0,0,0,0,4
elevator,3/5,61,0,3,0,0,0,0,6
estimation,1/4,26,0,1,0,0,0,0,4
expressionism,2/2,101,0,2,0,0,0,0,5
fleas,4/12,34,0,4,0,0,0,0,10
fogs,2/6,34,0,2,0,0,0,0,5
gangs,1/3,34,0,1,0,0,0,0,5
gardening,3/5,61,0,3,0,0,0,0,6
gasolines,2/5,41,0,2,0,0,0,0,6
gliding,2/3,67,0,2,0,0,0,0,5
goats,10/22,46,0,6,4,0,0,0,6
grapes,6/17,36,0,3,2,1,0,0,5
groceries,1/3,34,0,1,0,0,0,0,5
gums,2/2,101,0,2,0,0,0,0,7
hazards,4/5,81,0,3,1,0,0,0,9
hinges,5/5,101,0,5,0,0,0,0,5
homer,1/2,51,0,1,0,0,0,0,6
honours,1/3,34,0,1,0,0,0,0,8
hosts,1/1,101,0,1,0,0,0,0,4
identities,1/3,34,0,1,0,0,0,0,6
indictments,1/3,34,0,1,0,0,0,0,4
injection,1/1,101,0,1,0,0,0,0,10
ladder,13/14,93,0,11,2,0,0,0,8
ladders,13/14,93,0,11,2,0,0,0,8
lanterns,3/4,76,0,3,0,0,0,0,7
liberals,2/5,41,0,2,0,0,0,0,4
lions,3/3,101,0,3,0,0,0,0,4
lupin,4/13,31,0,4,0,0,0,0,9
magistrates,1/3,34,0,1,0,0,0,0,8
magnets,8/12,67,0,7,1,0,0,0,6
maker,28/92,31,0,22,4,2,0,0,5
mallets,2/3,67,0,2,0,0,0,0,6
masers,1/1,101,0,1,0,0,0,0,5
mechanisms,1/1,101,0,1,0,0,0,0,13
metaphors,4/4,101,0,4,0,0,0,0,8
microphones,5/7,72,0,4,1,0,0,0,7
mixes,4/6,67,0,1,3,0,0,0,10
moths,69/153,46,0,19,40,7,3,0,10
abortions,8/14,58,0,2,6,0,0,0,8
aches,14/24,59,0,8,6,0,0,0,7
acids,177/198,90,0,93,40,8,23,8,10
ads,8/27,30,0,5,2,1,0,0,9
albums,3/4,76,0,1,2,0,0,0,8
almonds,1/1,101,0,1,0,0,0,0,8
antonyms,2/2,101,0,2,0,0,0,0,9
ants,14/21,67,0,12,2,0,0,0,10
aspirins,3/5,61,0,3,0,0,0,0,9
atria,8/8,101,0,2,6,0,0,0,11
bags,47/91,52,0,36,11,0,0,0,6
bandages,13/24,55,0,12,1,0,0,0,6
barks,17/32,54,0,17,0,0,0,0,7
battleship,1/3,34,0,1,0,0,0,0,4
blackbirds,3/11,28,0,3,0,0,0,0,5
blacks,4/6,67,0,4,0,0,0,0,4
blockades,2/5,41,0,2,0,0,0,0,4
boilers,2/2,101,0,2,0,0,0,0,9
bombings,8/8,101,0,4,3,1,0,0,8
boulders,3/3,101,0,3,0,0,0,0,7
brackets,4/4,101,0,4,0,0,0,0,8
breakfasts,2/3,67,0,2,0,0,0,0,8
bulls,1/1,101,0,1,0,0,0,0,4
buttercups,7/18,39,0,7,0,0,0,0,9
cabinets,2/5,41,0,2,0,0,0,0,6
catalog,2/5,41,0,2,0,0,0,0,8
catalogues,4/9,45,0,3,1,0,0,0,5
centers,7/26,27,0,5,2,0,0,0,6
charter,2/2,101,0,2,0,0,0,0,6
cheeses,21/53,40,0,19,2,0,0,0,5
cheque,7/21,34,0,7,0,0,0,0,7
chests,2/3,67,0,2,0,0,0,0,4
chisels,6/8,76,0,6,0,0,0,0,5
clays,6/18,34,0,6,0,0,0,0,5
clerks,10/20,51,0,9,1,0,0,0,5
clips,1/1,101,0,1,0,0,0,0,9
coffees,12/25,49,0,12,0,0,0,0,6
colds,1/1,101,0,1,0,0,0,0,6
colonialism,1/1,101,0,1,0,0,0,0,4
combs,5/5,101,0,5,0,0,0,0,9
comedies,8/14,58,0,8,0,0,0,0,5
computers,16/55,30,0,4,4,3,5,0,5
consents,1/1,101,0,1,0,0,0,0,10
contracts,21/46,46,0,20,1,0,0,0,8
cooks,4/11,37,0,3,1,0,0,0,4
coppers,1/1,101,0,1,0,0,0,0,9
currants,2/3,67,0,2,0,0,0,0,5
dandelions,2/7,29,0,2,0,0,0,0,7
deductions,2/5,41,0,1,1,0,0,0,6
definitions,7/7,101,0,7,0,0,0,0,10
delegates,1/1,101,0,1,0,0,0,0,11
denominator,1/1,101,0,1,0,0,0,0,8
densities,8/15,54,0,6,2,0,0,0,6
dentures,1/4,26,0,1,0,0,0,0,4
destroyer,1/2,51,0,1,0,0,0,0,6
diets,23/31,75,0,19,4,0,0,0,10
diver,3/4,76,0,3,0,0,0,0,6
divers,3/4,76,0,3,0,0,0,0,6
diversities,1/1,101,0,1,0,0,0,0,4
dividends,3/4,76,0,3,0,0,0,0,6
drapers,1/1,101,0,1,0,0,0,0,6
drips,1/1,101,0,1,0,0,0,0,13
eagles,14/25,57,0,7,7,0,0,0,9
economies,8/29,28,0,4,2,2,0,0,7
editions,2/3,67,0,2,0,0,0,0,7
electrons,3/4,76,0,3,0,0,0,0,5
elephants,5/16,32,0,3,2,0,0,0,8
elevators,3/5,61,0,3,0,0,0,0,6
enema,1/4,26,0,1,0,0,0,0,8
entries,3/5,61,0,3,0,0,0,0,9
eraser,4/5,81,0,4,0,0,0,0,6
exams,15/29,52,0,15,0,0,0,0,8
fakes,1/2,51,0,1,0,0,0,0,9
fans,3/5,61,0,2,1,0,0,0,6
foils,6/8,76,0,6,0,0,0,0,6
gales,5/5,101,0,5,0,0,0,0,7
gauges,12/34,36,0,12,0,0,0,0,6
genetics,3/7,43,0,3,0,0,0,0,7
geometries,17/17,101,0,14,3,0,0,0,10
geraniums,14/50,29,0,10,4,0,0,0,8
glaciers,6/6,101,0,5,1,0,0,0,12
glues,4/4,101,0,4,0,0,0,0,7
harrows,2/2,101,0,2,0,0,0,0,6
hedges,1/3,34,0,1,0,0,0,0,6
hens,4/9,45,0,4,0,0,0,0,5
hounds,27/39,70,0,19,8,0,0,0,7
huts,2/2,101,0,2,0,0,0,0,8
indictment,1/3,34,0,1,0,0,0,0,4
infarction,1/3,34,0,1,0,0,0,0,4
injections,1/1,101,0,1,0,0,0,0,10
inventories,1/1,101,0,1,0,0,0,0,7
irises,20/45,45,0,11,9,0,0,0,9
jackets,18/44,41,0,17,1,0,0,0,5
jambs,1/2,51,0,1,0,0,0,0,5
jams,1/2,51,0,1,0,0,0,0,15
jets,7/8,88,0,7,0,0,0,0,5
juices,6/8,76,0,6,0,0,0,0,6
knobs,1/2,51,0,1,0,0,0,0,4
laces,3/5,61,0,3,0,0,0,0,6
lacs,5/5,101,0,5,0,0,0,0,6
liberalism,1/1,101,0,1,0,0,0,0,4
lilies,25/42,60,0,25,0,0,0,0,10
lithographs,1/1,101,0,1,0,0,0,0,6
locusts,1/3,34,0,1,0,0,0,0,13
logs,2/2,101,0,2,0,0,0,0,6
looms,8/9,89,0,6,2,0,0,0,8
lunches,1/1,101,0,1,0,0,0,0,10
macaroons,1/3,34,0,1,0,0,0,0,5
magnetism,6/6,101,0,5,1,0,0,0,6
mails,11/35,32,0,9,1,0,1,0,8
mammoths,4/8,51,0,4,0,0,0,0,11
managers,3/3,101,0,3,0,0,0,0,6
markers,2/3,67,0,2,0,0,0,0,4
masks,2/4,51,0,2,0,0,0,0,5
mastodons,2/3,67,0,2,0,0,0,0,10
meatball,1/3,34,0,1,0,0,0,0,6
meatballs,1/3,34,0,1,0,0,0,0,6
miner,4/11,37,0,4,0,0,0,0,5
miners,4/11,37,0,4,0,0,0,0,5
missiles,9/25,37,0,6,3,0,0,0,6
mon,1/2,51,0,1,0,0,0,0,10
mower,4/4,101,0,3,1,0,0,0,7
mowers,4/4,101,0,3,1,0,0,0,7
abortion,8/14,58,0,2,6,0,0,0,8
abscesses,1/1,101,0,1,0,0,0,0,9
absconder,1/1,101,0,1,0,0,0,0,7
absconders,1/1,101,0,1,0,0,0,0,7
accountants,3/8,38,0,3,0,0,0,0,4
acetates,1/3,34,0,1,0,0,0,0,4
acidosis,6/6,101,0,6,0,0,0,0,11
actuator,1/2,51,0,1,0,0,0,0,5
actuators,1/2,51,0,1,0,0,0,0,5
addiction,6/10,61,0,1,5,0,0,0,6
addictions,6/10,61,0,1,5,0,0,0,6
adductor,5/5,101,0,5,0,0,0,0,16
adductors,5/5,101,0,5,0,0,0,0,16
ades,3/3,101,0,3,0,0,0,0,6
adjutants,1/1,101,0,1,0,0,0,0,9
agar,1/1,101,0,1,0,0,0,0,7
agars,1/1,101,0,1,0,0,0,0,7
agates,1/1,101,0,1,0,0,0,0,6
agglutination,3/3,101,0,3,0,0,0,0,4
agglutinations,3/3,101,0,3,0,0,0,0,4
agglutinins,1/1,101,0,1,0,0,0,0,4
aircrew,1/2,51,0,1,0,0,0,0,6
albumins,2/4,51,0,2,0,0,0,0,4
aldehydes,7/14,51,0,7,0,0,0,0,4
alerts,3/3,101,0,3,0,0,0,0,5
algebras,3/6,51,0,3,0,0,0,0,8
algorithms,2/3,67,0,2,0,0,0,0,6
alizarins,3/3,101,0,3,0,0,0,0,7
alkalosis,2/2,101,0,2,0,0,0,0,12
allegros,1/1,101,0,1,0,0,0,0,13
alleles,2/4,51,0,2,0,0,0,0,7
allergies,4/9,45,0,4,0,0,0,0,9
alopecia,1/1,101,0,1,0,0,0,0,8
alopecias,1/1,101,0,1,0,0,0,0,8
alphabets,12/16,76,0,12,0,0,0,0,7
ameba,1/2,51,0,1,0,0,0,0,10
amebae,1/2,51,0,1,0,0,0,0,10
amebas,1/2,51,0,1,0,0,0,0,10
amides,5/11,46,0,5,0,0,0,0,6
amines,7/19,37,0,4,1,2,0,0,6
ammeters,1/1,101,0,1,0,0,0,0,6
amnesias,6/8,76,0,5,1,0,0,0,12
amoebas,1/2,51,0,0,1,0,0,0,9
anaerobe,1/1,101,0,1,0,0,0,0,10
anaerobes,1/1,101,0,1,0,0,0,0,10
anaesthesia,13/33,40,0,8,4,1,0,0,7
analysts,2/3,67,0,2,0,0,0,0,8
anatomies,13/19,69,0,12,1,0,0,0,8
anatomist,1/4,26,0,1,0,0,0,0,5
anatomists,1/4,26,0,1,0,0,0,0,5
anemia,21/58,37,0,15,5,1,0,0,12
anemias,21/58,37,0,15,5,1,0,0,12
anemones,6/19,32,0,6,0,0,0,0,10
anesthesia,14/33,43,0,8,5,1,0,0,8
aneurysm,5/6,84,0,4,1,0,0,0,9
aneurysms,5/6,84,0,4,1,0,0,0,9
angelicas,3/5,61,0,3,0,0,0,0,8
angiogram,1/1,101,0,1,0,0,0,0,6
anhydrides,2/2,101,0,2,0,0,0,0,9
anions,1/4,26,0,1,0,0,0,0,8
annuities,4/9,45,0,4,0,0,0,0,7
anorexias,1/1,101,0,1,0,0,0,0,9
anoxia,4/4,101,0,4,0,0,0,0,9
anoxias,4/4,101,0,4,0,0,0,0,9
antennas,8/18,45,0,4,4,0,0,0,5
anthems,1/1,101,0,1,0,0,0,0,10
antitoxin,1/3,34,0,1,0,0,0,0,4
antitoxins,1/3,34,0,1,0,0,0,0,4
aortae,4/5,81,0,4,0,0,0,0,10
aortas,4/5,81,0,4,0,0,0,0,10
apatites,1/1,101,0,1,0,0,0,0,6
aphasias,22/26,85,0,22,0,0,0,0,8
aphids,8/17,48,0,4,4,0,0,0,10
apnea,2/7,29,0,2,0,0,0,0,10
apneas,2/7,29,0,2,0,0,0,0,10
apricots,4/8,51,0,4,0,0,0,0,6
arbitrages,2/2,101,0,2,0,0,0,0,8
arbour,1/2,51,0,1,0,0,0,0,6
arbours,1/2,51,0,1,0,0,0,0,6
aria,1/2,51,0,1,0,0,0,0,5
arias,1/2,51,0,1,0,0,0,0,5
arteries,117/216,55,0,79,35,3,0,0,13
arterioscleroses,1/3,34,0,1,0,0,0,0,6
aspens,10/13,77,0,10,0,0,0,0,13
asphodel,1/4,26,0,1,0,0,0,0,6
asphodels,1/4,26,0,1,0,0,0,0,6
asters,41/61,68,0,38,3,0,0,0,11
asthmas,1/1,101,0,1,0,0,0,0,13
ataxia,3/3,101,0,3,0,0,0,0,18
atriums,8/8,101,0,2,6,0,0,0,11
attaches,5/5,101,0,2,3,0,0,0,7
attar,1/2,51,0,1,0,0,0,0,7
attars,1/2,51,0,1,0,0,0,0,7
audits,2/2,101,0,2,0,0,0,0,10
autisms,1/1,101,0,1,0,0,0,0,11
automatics,1/4,26,0,1,0,0,0,0,4
avenses,8/24,34,0,8,0,0,0,0,8
awls,2/5,41,0,2,0,0,0,0,5
axises,11/11,101,0,8,3,0,0,0,7
axles,5/6,84,0,3,1,1,0,0,5
baba,2/2,101,0,2,0,0,0,0,7
babas,2/2,101,0,2,0,0,0,0,7
backhands,1/1,101,0,1,0,0,0,0,12
bacons,3/5,61,0,3,0,0,0,0,6
bagels,1/1,101,0,1,0,0,0,0,7
baldness,2/4,51,0,2,0,0,0,0,9
bales,1/1,101,0,1,0,0,0,0,5
ballerinas,1/1,101,0,1,0,0,0,0,7
ballets,3/3,101,0,3,0,0,0,0,9
balloons,4/4,101,0,3,1,0,0,0,9
ballots,1/1,101,0,1,0,0,0,0,10
balms,1/1,101,0,1,0,0,0,0,11
bandicoot,2/4,51,0,2,0,0,0,0,6
bandicoots,2/4,51,0,2,0,0,0,0,6
barberries,4/7,58,0,4,0,0,0,0,10
bariums,6/7,86,0,0,6,0,0,0,8
barleys,1/1,101,0,1,0,0,0,0,7
barns,3/6,51,0,3,0,0,0,0,4
barometers,2/5,41,0,2,0,0,0,0,4
barracudas,2/2,101,0,2,0,0,0,0,9
bas,7/7,101,0,1,6,0,0,0,12
basils,3/3,101,0,3,0,0,0,0,9
basketballs,1/1,101,0,1,0,0,0,0,14
bassoon,2/4,51,0,2,0,0,0,0,6
bassoons,2/4,51,0,2,0,0,0,0,6
battleships,1/3,34,0,1,0,0,0,0,4
bedspreads,1/2,51,0,1,0,0,0,0,4
beeches,9/17,53,0,9,0,0,0,0,11
beetles,57/124,46,0,20,23,11,3,0,8
beets,4/13,31,0,4,0,0,0,0,9
begonias,18/29,63,0,17,1,0,0,0,11
benzenes,3/4,76,0,3,0,0,0,0,8
benzoate,2/2,101,0,2,0,0,0,0,8
benzoates,2/2,101,0,2,0,0,0,0,8
berries,27/37,73,0,26,1,0,0,0,6
bicarbonates,5/10,51,0,5,0,0,0,0,9
bicepses,5/5,101,0,5,0,0,0,0,12
bicycles,4/12,34,0,4,0,0,0,0,6
bindweeds,2/7,29,0,2,0,0,0,0,10
bisons,2/7,29,0,2,0,0,0,0,6
bites,2/2,101,0,2,0,0,0,0,5
bitterns,3/7,43,0,3,0,0,0,0,10
bitts,1/1,101,0,1,0,0,0,0,8
bladders,3/3,101,0,3,0,0,0,0,6
blindness,4/6,67,0,4,0,0,0,0,4
blocs,1/3,34,0,1,0,0,0,0,12
blondes,2/5,41,0,2,0,0,0,0,8
blonds,4/5,81,0,4,0,0,0,0,9
bloods,14/32,44,0,11,3,0,0,0,5
blots,2/6,34,0,2,0,0,0,0,5
boatings,1/1,101,0,1,0,0,0,0,5
bobwhite,1/2,51,0,1,0,0,0,0,11
bobwhites,1/2,51,0,1,0,0,0,0,11
bod,13/14,93,0,4,9,0,0,0,10
bods,13/14,93,0,4,9,0,0,0,10
boils,1/1,101,0,1,0,0,0,0,4
bomber,2/2,101,0,2,0,0,0,0,7
bombers,2/2,101,0,2,0,0,0,0,7
bonding,3/3,101,0,3,0,0,0,0,10
bonnets,1/1,101,0,1,0,0,0,0,4
bookkeeping,2/4,51,0,2,0,0,0,0,8
boosts,1/2,51,0,1,0,0,0,0,10
bosses,1/4,26,0,1,0,0,0,0,6
brasses,10/19,53,0,7,3,0,0,0,8
breaches,10/10,101,0,2,8,0,0,0,13
breads,47/169,28,0,26,17,4,0,0,6
breaker,1/1,101,0,1,0,0,0,0,7
breezes,6/8,76,0,6,0,0,0,0,6
briberies,1/2,51,0,1,0,0,0,0,7
brides,1/1,101,0,1,0,0,0,0,5
brittles,1/1,101,0,1,0,0,0,0,8
brokerages,1/3,34,0,1,0,0,0,0,6
bromides,3/3,101,0,3,0,0,0,0,8
bronc,1/1,101,0,1,0,0,0,0,10
broncos,1/1,101,0,1,0,0,0,0,9
broncs,1/1,101,0,1,0,0,0,0,10
broths,2/8,26,0,2,0,0,0,0,6
browns,9/37,25,0,7,2,0,0,0,4
bryony,2/6,34,0,2,0,0,0,0,6
budgets,1/2,51,0,1,0,0,0,0,8
buds,1/1,101,0,1,0,0,0,0,5
bulldogs,1/1,101,0,1,0,0,0,0,8
bulletins,2/5,41,0,2,0,0,0,0,4
buoys,9/11,82,0,5,4,0,0,0,6
burdocks,4/7,58,0,4,0,0,0,0,7
burglars,1/2,51,0,1,0,0,0,0,5
busses,3/5,61,0,3,0,0,0,0,9
bustards,1/4,26,0,1,0,0,0,0,7
butters,6/9,67,0,6,0,0,0,0,6
buyers,1/3,34,0,1,0,0,0,0,6
cacaos,1/2,51,0,1,0,0,0,0,6
cactuses,23/62,38,0,20,3,0,0,0,10
cages,2/4,51,0,2,0,0,0,0,6
caimans,1/2,51,0,1,0,0,0,0,11
calamint,5/13,39,0,5,0,0,0,0,13
calciums,1/2,51,0,1,0,0,0,0,4
calipers,5/8,63,0,5,0,0,0,0,9
canes,2/5,41,0,2,0,0,0,0,7
cankerworms,2/2,101,0,2,0,0,0,0,7
cans,6/8,76,0,6,0,0,0,0,5
canthi,2/2,101,0,2,0,0,0,0,8
canthus,2/2,101,0,2,0,0,0,0,8
capacitors,3/9,34,0,3,0,0,0,0,6
capers,5/12,42,0,5,0,0,0,0,11
caraways,1/1,101,0,1,0,0,0,0,9
carbides,2/2,101,0,2,0,0,0,0,9
carbonates,15/22,69,0,7,8,0,0,0,8
carcinomas,11/33,34,0,9,2,0,0,0,7
carcinomata,11/33,34,0,9,2,0,0,0,7
caribous,3/4,76,0,3,0,0,0,0,11
carotene,1/1,101,0,1,0,0,0,0,6
carotenes,1/1,101,0,1,0,0,0,0,6
cartels,2/4,51,0,2,0,0,0,0,12
cartes,1/3,34,0,1,0,0,0,0,6
cartilages,5/9,56,0,5,0,0,0,0,5
casseroles,1/4,26,0,1,0,0,0,0,9
catalogs,2/5,41,0,2,0,0,0,0,8
catalyses,1/1,101,0,1,0,0,0,0,5
cataracts,3/3,101,0,3,0,0,0,0,14
cathodes,2/2,101,0,2,0,0,0,0,6
caustics,3/8,38,0,0,3,0,0,0,6
cautery,1/2,51,0,1,0,0,0,0,5
caviars,1/1,101,0,1,0,0,0,0,8
censorship,8/8,101,0,2,4,2,0,0,11
centaury,5/9,56,0,5,0,0,0,0,9
centime,2/2,101,0,2,0,0,0,0,9
centimes,2/2,101,0,2,0,0,0,0,9
centipedes,1/2,51,0,1,0,0,0,0,10
centrifugation,1/1,101,0,1,0,0,0,0,6
certificates,4/14,29,0,4,0,0,0,0,4
cesiums,1/1,101,0,1,0,0,0,0,5
cessions,1/2,51,0,1,0,0,0,0,4
chads,5/6,84,0,5,0,0,0,0,7
chairmans,1/2,51,0,1,0,0,0,0,5
chants,2/4,51,0,2,0,0,0,0,7
charities,1/3,34,0,1,0,0,0,0,12
chars,2/5,41,0,2,0,0,0,0,7
chemistries,14/18,78,0,12,2,0,0,0,6
chemists,4/5,81,0,4,0,0,0,0,6
chiasma,2/3,67,0,2,0,0,0,0,7
chiasms,3/3,101,0,3,0,0,0,0,8
chickadees,2/5,41,0,2,0,0,0,0,8
childbirths,5/12,42,0,1,4,0,0,0,9
chimp,4/9,45,0,4,0,0,0,0,14
chimpanzees,4/9,45,0,4,0,0,0,0,9
chimps,4/9,45,0,4,0,0,0,0,14
chlorides,13/18,73,0,11,2,0,0,0,6
chlorination,1/1,101,0,1,0,0,0,0,4
chlorines,1/1,101,0,1,0,0,0,0,6
chowders,5/5,101,0,3,2,0,0,0,10
chutes,3/5,61,0,3,0,0,0,0,7
cicadae,3/5,61,0,3,0,0,0,0,12
cicadas,3/5,61,0,3,0,0,0,0,12
ciders,3/4,76,0,2,1,0,0,0,6
cigaret,3/8,38,0,3,0,0,0,0,4
cigarets,3/8,38,0,3,0,0,0,0,4
civets,4/16,26,0,4,0,0,0,0,9
clarinets,2/4,51,0,2,0,0,0,0,6
clef,9/10,91,0,9,0,0,0,0,6
clefs,9/10,91,0,9,0,0,0,0,6
clinics,1/1,101,0,1,0,0,0,0,5
cloning,4/4,101,0,3,1,0,0,0,14
closets,2/5,41,0,2,0,0,0,0,5
clotting,1/3,34,0,1,0,0,0,0,9
clover,9/19,48,0,9,0,0,0,0,9
clovers,9/19,48,0,9,0,0,0,0,9
coagulation,2/3,67,0,2,0,0,0,0,6
coagulations,2/3,67,0,2,0,0,0,0,6
cobalts,1/1,101,0,1,0,0,0,0,4
cobras,5/12,42,0,5,0,0,0,0,7
cocci,1/3,34,0,1,0,0,0,0,6
coccus,1/3,34,0,1,0,0,0,0,5
cockatoos,2/5,41,0,2,0,0,0,0,10
cockroaches,6/15,41,0,6,0,0,0,0,7
coding,3/11,28,0,3,0,0,0,0,5
codings,3/11,28,0,3,0,0,0,0,5
cods,1/2,51,0,1,0,0,0,0,5
coefficients,11/30,37,0,10,1,0,0,0,7
colic,2/2,101,0,2,0,0,0,0,8
colics,2/2,101,0,2,0,0,0,0,8
colitis,2/7,29,0,2,0,0,0,0,10
colitises,2/7,29,0,2,0,0,0,0,10
colloid,3/9,34,0,3,0,0,0,0,4
colloids,3/9,34,0,3,0,0,0,0,4
colloquiums,1/1,101,0,1,0,0,0,0,10
colones,5/6,84,0,5,0,0,0,0,10
colonic,1/1,101,0,1,0,0,0,0,6
colons,5/6,84,0,5,0,0,0,0,10
columnist,2/4,51,0,1,1,0,0,0,7
columnists,2/4,51,0,1,1,0,0,0,7
comas,3/3,101,0,3,0,0,0,0,10
comforter,1/1,101,0,1,0,0,0,0,7
comforters,1/1,101,0,1,0,0,0,0,7
comfrey,1/3,34,0,1,0,0,0,0,7
comfreys,1/3,34,0,1,0,0,0,0,7
comities,1/1,101,0,1,0,0,0,0,12
comity,1/1,101,0,1,0,0,0,0,12
commanders,2/7,29,0,2,0,0,0,0,9
commissioners,4/4,101,0,4,0,0,0,0,7
communions,1/1,101,0,1,0,0,0,0,6
compasses,4/4,101,0,2,2,0,0,0,8
compressors,1/2,51,0,1,0,0,0,0,4
concertos,1/1,101,0,1,0,0,0,0,8
conches,1/2,51,0,1,0,0,0,0,8
conchs,1/2,51,0,1,0,0,0,0,8
concretes,2/3,67,0,2,0,0,0,0,5
condor,2/4,51,0,2,0,0,0,0,11
condors,2/4,51,0,2,0,0,0,0,11
condyle,3/5,61,0,3,0,0,0,0,10
condyles,3/5,61,0,3,0,0,0,0,10
conjunctiva,6/8,76,0,6,0,0,0,0,10
conjunctivae,6/8,76,0,6,0,0,0,0,10
conjunctivas,6/8,76,0,6,0,0,0,0,10
consorts,1/1,101,0,1,0,0,0,0,8
contaminations,1/1,101,0,1,0,0,0,0,6
converters,12/17,71,0,6,6,0,0,0,8
coonhound,1/2,51,0,1,0,0,0,0,7
coonhounds,1/2,51,0,1,0,0,0,0,7
coots,2/7,29,0,2,0,0,0,0,8
copal,7/12,59,0,7,0,0,0,0,5
copals,7/12,59,0,7,0,0,0,0,5
corgi,2/4,51,0,2,0,0,0,0,10
corgis,2/4,51,0,2,0,0,0,0,10
corns,12/19,64,0,6,6,0,0,0,9
cortexes,2/4,51,0,2,0,0,0,0,5
cortices,2/4,51,0,2,0,0,0,0,5
cottons,3/3,101,0,3,0,0,0,0,12
cottonwoods,4/11,37,0,4,0,0,0,0,7
coups,1/1,101,0,1,0,0,0,0,8
cowrie,2/4,51,0,2,0,0,0,0,8
cowries,2/4,51,0,2,0,0,0,0,8
crabgrass,2/8,26,0,2,0,0,0,0,9
cracker,3/7,43,0,3,0,0,0,0,5
crackers,3/7,43,0,3,0,0,0,0,5
cranberries,5/13,39,0,5,0,0,0,0,6
cresses,26/68,39,0,10,16,0,0,0,10
crickets,5/8,63,0,4,1,0,0,0,9
critics,6/6,101,0,6,0,0,0,0,8
crocodiles,4/6,67,0,4,0,0,0,0,9
crows,1/2,51,0,1,0,0,0,0,13
cubisms,2/2,101,0,2,0,0,0,0,11
cudweed,1/3,34,0,1,0,0,0,0,8
cudweeds,1/3,34,0,1,0,0,0,0,8
cuisines,2/5,41,0,2,0,0,0,0,5
cumuli,2/3,67,0,2,0,0,0,0,7
curettage,1/2,51,0,1,0,0,0,0,9
curlews,2/4,51,0,2,0,0,0,0,10
curries,1/1,101,0,1,0,0,0,0,6
cutbacks,1/1,101,0,1,0,0,0,0,9
cutworms,1/2,51,0,1,0,0,0,0,12
cyanosis,1/2,51,0,1,0,0,0,0,6
cyclings,3/3,101,0,3,0,0,0,0,5
cycloid,2/2,101,0,2,0,0,0,0,8
cycloids,2/2,101,0,2,0,0,0,0,8
cymbal,1/3,34,0,1,0,0,0,0,4
cymbals,1/3,34,0,1,0,0,0,0,4
cyme,1/3,34,0,1,0,0,0,0,6
cymes,1/3,34,0,1,0,0,0,0,6
cysts,10/18,56,0,9,1,0,0,0,8
daiquiri,2/2,101,0,2,0,0,0,0,9
daiquiris,2/2,101,0,2,0,0,0,0,9
deacons,1/1,101,0,1,0,0,0,0,4
deadbeat,1/1,101,0,1,0,0,0,0,5
deadbeats,1/1,101,0,1,0,0,0,0,5
deafness,1/4,26,0,1,0,0,0,0,4
decimals,3/3,101,0,3,0,0,0,0,11
deduction,2/5,41,0,1,1,0,0,0,6
deers,15/60,26,0,13,2,0,0,0,8
defenses,10/23,44,0,8,2,0,0,0,7
deficits,1/1,101,0,1,0,0,0,0,8
delusions,4/15,27,0,4,0,0,0,0,7
denominators,1/1,101,0,1,0,0,0,0,8
dentition,1/1,101,0,1,0,0,0,0,12
dermatitis,9/18,51,0,7,2,0,0,0,6
dermatitises,9/18,51,0,7,2,0,0,0,6
dervishes,1/2,51,0,1,0,0,0,0,5
destroyers,1/2,51,0,1,0,0,0,0,6
detectors,3/9,34,0,3,0,0,0,0,6
detergents,3/9,34,0,3,0,0,0,0,6
dewberries,6/12,51,0,6,0,0,0,0,8
dewberry,6/12,51,0,6,0,0,0,0,8
dialyses,2/6,34,0,2,0,0,0,0,5
dialyzer,1/2,51,0,1,0,0,0,0,7
dictionaries,9/13,70,0,9,0,0,0,0,7
diffraction,1/1,101,0,1,0,0,0,0,7
diffractions,1/1,101,0,1,0,0,0,0,7
digger,2/3,67,0,2,0,0,0,0,5
diggers,2/3,67,0,2,0,0,0,0,5
dioxides,5/9,56,0,5,0,0,0,0,6
diplomacies,3/5,61,0,3,0,0,0,0,7
dipoles,2/3,67,0,2,0,0,0,0,10
disks,1/4,26,0,1,0,0,0,0,8
distemper,2/3,67,0,2,0,0,0,0,5
distributions,8/15,54,0,8,0,0,0,0,6
diverticula,1/1,101,0,1,0,0,0,0,10
diverticulum,1/1,101,0,1,0,0,0,0,10
divisors,2/8,26,0,1,1,0,0,0,12
dogbanes,3/9,34,0,3,0,0,0,0,11
dogwoods,9/26,35,0,9,0,0,0,0,7
doughs,2/6,34,0,2,0,0,0,0,5
dozer,1/1,101,0,1,0,0,0,0,6
dozers,1/1,101,0,1,0,0,0,0,6
draper,1/1,101,0,1,0,0,0,0,6
dressings,11/20,56,0,11,0,0,0,0,8
drills,13/24,55,0,9,4,0,0,0,6
drumstick,2/4,51,0,2,0,0,0,0,5
drumsticks,2/4,51,0,2,0,0,0,0,5
dryades,1/1,101,0,1,0,0,0,0,5
dryads,1/1,101,0,1,0,0,0,0,5
dryer,5/13,39,0,3,2,0,0,0,6
dryers,5/13,39,0,3,2,0,0,0,6
duchesses,1/1,101,0,1,0,0,0,0,7
duckweed,4/14,29,0,4,0,0,0,0,6
duckweeds,4/14,29,0,4,0,0,0,0,6
ducts,21/71,30,0,18,3,0,0,0,10
dunks,1/1,101,0,1,0,0,0,0,6
dusts,2/3,67,0,2,0,0,0,0,8
dysenteries,3/4,76,0,3,0,0,0,0,7
dystrophies,8/10,81,0,8,0,0,0,0,17
eardrums,1/1,101,0,1,0,0,0,0,12
earwigs,1/2,51,0,1,0,0,0,0,16
easement,1/2,51,0,1,0,0,0,0,6
easements,1/2,51,0,1,0,0,0,0,6
eclair,1/1,101,0,1,0,0,0,0,11
eclairs,1/1,101,0,1,0,0,0,0,11
economists,2/8,26,0,2,0,0,0,0,6
eczema,9/27,34,0,6,3,0,0,0,10
eczemas,9/27,34,0,6,3,0,0,0,10
edema,10/13,77,0,10,0,0,0,0,7
edemas,10/13,77,0,10,0,0,0,0,7
edemata,10/13,77,0,10,0,0,0,0,7
egrets,4/12,34,0,4,0,0,0,0,9
eland,2/4,51,0,2,0,0,0,0,11
elands,2/4,51,0,2,0,0,0,0,11
electrolytes,1/1,101,0,1,0,0,0,0,5
elephantiasis,3/5,61,0,3,0,0,0,0,5
elms,28/45,63,0,28,0,0,0,0,10
emissaries,1/2,51,0,1,0,0,0,0,4
endings,1/4,26,0,1,0,0,0,0,7
enemas,1/4,26,0,1,0,0,0,0,8
enteritis,1/1,101,0,1,0,0,0,0,13
envelopes,1/1,101,0,1,0,0,0,0,8
envies,1/4,26,0,1,0,0,0,0,9
epilepsies,18/24,76,0,14,4,0,0,0,10
epilepsy,18/24,76,0,14,4,0,0,0,10
equinoxes,6/9,67,0,6,0,0,0,0,5
eruptions,1/1,101,0,1,0,0,0,0,9
erythema,4/9,45,0,3,1,0,0,0,5
estimations,1/4,26,0,1,0,0,0,0,4
ethylenes,1/3,34,0,1,0,0,0,0,4
etymologies,1/1,101,0,1,0,0,0,0,6
evangelism,1/1,101,0,1,0,0,0,0,4
evangelist,1/1,101,0,1,0,0,0,0,4
evangelists,1/1,101,0,1,0,0,0,0,4
exposures,1/4,26,0,1,0,0,0,0,4
faddist,1/1,101,0,1,0,0,0,0,6
faddists,1/1,101,0,1,0,0,0,0,6
fancier,4/7,58,0,2,2,0,0,0,4
fanciers,4/7,58,0,2,2,0,0,0,4
farmings,6/24,26,0,6,0,0,0,0,6
faunae,1/1,101,0,1,0,0,0,0,4
faunas,1/1,101,0,1,0,0,0,0,4
feedbacks,2/5,41,0,2,0,0,0,0,7
fences,7/21,34,0,3,4,0,0,0,6
fenestrae,6/8,76,0,6,0,0,0,0,10
fennels,2/5,41,0,2,0,0,0,0,12
ferns,198/469,43,0,96,99,3,0,0,13
ferries,1/1,101,0,1,0,0,0,0,5
feuds,1/2,51,0,1,0,0,0,0,6
fibrillation,2/2,101,0,2,0,0,0,0,10
fibrillations,2/2,101,0,2,0,0,0,0,10
fielder,6/15,41,0,2,4,0,0,0,5
fielders,6/15,41,0,2,4,0,0,0,5
filets,1/3,34,0,1,0,0,0,0,7
finals,1/1,101,0,1,0,0,0,0,5
firs,1/1,101,0,1,0,0,0,0,9
fisheries,1/1,101,0,1,0,0,0,0,7
flasks,7/13,54,0,5,2,0,0,0,7
flints,2/3,67,0,2,0,0,0,0,5
flips,1/1,101,0,1,0,0,0,0,6
flours,7/10,71,0,4,3,0,0,0,7
fluorescence,1/2,51,0,1,0,0,0,0,4
fluorides,5/5,101,0,5,0,0,0,0,11
flus,4/4,101,0,4,0,0,0,0,10
fluxes,3/3,101,0,2,1,0,0,0,9
flywheel,1/1,101,0,1,0,0,0,0,7
flywheels,1/1,101,0,1,0,0,0,0,7
follicles,2/2,101,0,2,0,0,0,0,8
fondu,2/2,101,0,2,0,0,0,0,13
fondue,1/2,51,0,1,0,0,0,0,12
fondues,1/2,51,0,1,0,0,0,0,12
fontanelle,3/5,61,0,3,0,0,0,0,10
fontanels,5/5,101,0,5,0,0,0,0,12
fonts,12/37,33,0,9,3,0,0,0,8
footballs,6/9,67,0,5,1,0,0,0,6
footprints,1/1,101,0,1,0,0,0,0,10
foots,2/3,67,0,2,0,0,0,0,6
foramen,4/4,101,0,4,0,0,0,0,11
foramina,4/4,101,0,4,0,0,0,0,11
forceps,2/2,101,0,2,0,0,0,0,11
fording,2/2,101,0,2,0,0,0,0,7
forks,4/4,101,0,4,0,0,0,0,8
formats,2/4,51,0,2,0,0,0,0,12
fossa,4/6,67,0,4,0,0,0,0,11
fossae,4/6,67,0,4,0,0,0,0,11
fouls,3/4,76,0,3,0,0,0,0,8
foxes,12/20,61,0,9,3,0,0,0,8
foxgloves,3/10,31,0,3,0,0,0,0,6
foxhounds,3/4,76,0,3,0,0,0,0,8
fractures,16/16,101,0,15,1,0,0,0,10
frauds,12/37,33,0,11,1,0,0,0,6
fritters,2/2,101,0,2,0,0,0,0,6
fudges,2/7,29,0,2,0,0,0,0,5
fulminates,2/3,67,0,2,0,0,0,0,10
gallinules,4/9,45,0,2,2,0,0,0,10
galvanometers,3/3,101,0,2,1,0,0,0,11
gangrene,4/11,37,0,4,0,0,0,0,11
gangrenes,4/11,37,0,4,0,0,0,0,11
gastritis,2/2,101,0,2,0,0,0,0,8
gauzes,1/1,101,0,1,0,0,0,0,12
gavage,1/2,51,0,1,0,0,0,0,10
geckoes,3/4,76,0,3,0,0,0,0,11
geckos,3/4,76,0,3,0,0,0,0,11
gels,1/1,101,0,1,0,0,0,0,6
geneticist,1/1,101,0,1,0,0,0,0,5
geneticists,1/1,101,0,1,0,0,0,0,5
genitives,2/2,101,0,2,0,0,0,0,15
gentians,17/41,42,0,16,1,0,0,0,10
gentries,1/2,51,0,1,0,0,0,0,7
geographies,2/5,41,0,2,0,0,0,0,5
geologist,2/5,41,0,2,0,0,0,0,5
geologists,2/5,41,0,2,0,0,0,0,5
gingers,5/17,30,0,5,0,0,0,0,9
gins,3/5,61,0,3,0,0,0,0,6
girdles,2/5,41,0,2,0,0,0,0,4
glandes,2/2,101,0,2,0,0,0,0,9
glands,50/107,47,0,6,27,15,2,0,8
glaucomas,6/6,101,0,6,0,0,0,0,12
glider,1/1,101,0,1,0,0,0,0,6
gliders,1/1,101,0,1,0,0,0,0,6
globulins,16/28,58,0,5,4,7,0,0,5
glucoses,2/7,29,0,2,0,0,0,0,5
glutei,3/3,101,0,3,0,0,0,0,8
gluten,2/2,101,0,2,0,0,0,0,6
gluteus,3/3,101,0,3,0,0,0,0,8
goatfish,2/4,51,0,2,0,0,0,0,9
goddesses,2/3,67,0,2,0,0,0,0,6
godwits,1/2,51,0,1,0,0,0,0,11
goldenrods,18/30,61,0,18,0,0,0,0,8
golfs,4/8,51,0,4,0,0,0,0,8
gooses,11/25,45,0,9,2,0,0,0,7
gorillas,6/7,86,0,6,0,0,0,0,14
goulash,2/3,67,0,2,0,0,0,0,7
goulashes,2/3,67,0,2,0,0,0,0,7
gowns,6/10,61,0,6,0,0,0,0,7
grafts,5/6,84,0,5,0,0,0,0,5
grammars,3/9,34,0,2,1,0,0,0,10
grasses,177/480,37,0,74,68,25,10,0,9
gravels,2/5,41,0,2,0,0,0,0,4
gravimeter,1/3,34,0,1,0,0,0,0,5
gravimeters,1/3,34,0,1,0,0,0,0,5
gravities,1/1,101,0,1,0,0,0,0,7
gravure,2/2,101,0,1,1,0,0,0,5
gravures,2/2,101,0,1,1,0,0,0,5
grays,10/23,44,0,10,0,0,0,0,7
greases,1/1,101,0,1,0,0,0,0,6
grebes,6/12,51,0,6,0,0,0,0,12
grenades,2/2,101,0,2,0,0,0,0,6
greyhounds,1/2,51,0,1,0,0,0,0,4
grids,2/2,101,0,2,0,0,0,0,9
grocers,1/1,101,0,1,0,0,0,0,6
grosbeaks,2/6,34,0,2,0,0,0,0,11
grower,1/2,51,0,1,0,0,0,0,7
growers,1/2,51,0,1,0,0,0,0,7
guitars,5/12,42,0,5,0,0,0,0,4
gumweed,1/3,34,0,1,0,0,0,0,11
gumweeds,1/3,34,0,1,0,0,0,0,11
gyrus,7/7,101,0,5,2,0,0,0,10
haddocks,2/4,51,0,2,0,0,0,0,5
hams,1/2,51,0,1,0,0,0,0,9
hamsters,3/5,61,0,3,0,0,0,0,10
handedness,2/6,34,0,2,0,0,0,0,4
handlings,1/3,34,0,1,0,0,0,0,4
hares,5/16,32,0,5,0,0,0,0,11
harps,2/5,41,0,2,0,0,0,0,5
hashes,1/1,101,0,1,0,0,0,0,13
haws,12/33,37,0,12,0,0,0,0,13
heaters,9/26,35,0,8,1,0,0,0,5
heaths,23/42,55,0,10,13,0,0,0,9
heats,12/13,93,0,6,6,0,0,0,14
helices,1/1,101,0,1,0,0,0,0,8
helixes,1/1,101,0,1,0,0,0,0,8
hellebores,2/5,41,0,2,0,0,0,0,5
hemophilia,5/10,51,0,5,0,0,0,0,7
hemps,4/6,67,0,4,0,0,0,0,6
hernia,5/18,28,0,5,0,0,0,0,7
herniae,5/18,28,0,5,0,0,0,0,7
hernias,5/18,28,0,5,0,0,0,0,7
herpeses,6/10,61,0,2,4,0,0,0,6
hexagons,1/1,101,0,1,0,0,0,0,9
hierarchies,2/3,67,0,2,0,0,0,0,5
hilts,1/1,101,0,1,0,0,0,0,8
hinds,1/2,51,0,1,0,0,0,0,13
hitter,3/5,61,0,3,0,0,0,0,6
hitters,3/5,61,0,3,0,0,0,0,6
hoes,2/3,67,0,2,0,0,0,0,7
hollies,11/23,48,0,11,0,0,0,0,9
holsters,1/1,101,0,1,0,0,0,0,10
homers,1/2,51,0,1,0,0,0,0,6
hominies,2/2,101,0,2,0,0,0,0,6
hominy,2/2,101,0,2,0,0,0,0,6
honeysuckles,17/36,48,0,16,1,0,0,0,7
hoofs,1/3,34,0,1,0,0,0,0,8
horehounds,2/3,67,0,2,0,0,0,0,8
hornets,4/8,51,0,4,0,0,0,0,10
horsetails,8/18,45,0,8,0,0,0,0,9
husking,1/3,34,0,1,0,0,0,0,6
huskings,1/3,34,0,1,0,0,0,0,6
hutches,1/1,101,0,1,0,0,0,0,8
hydrangeas,4/16,26,0,4,0,0,0,0,9
hydrates,1/1,101,0,1,0,0,0,0,5
hydrides,2/7,29,0,2,0,0,0,0,4
hydrodynamics,1/1,101,0,1,0,0,0,0,8
hydrometers,1/3,34,0,1,0,0,0,0,5
hydroxides,6/17,36,0,6,0,0,0,0,6
hyenas,4/10,41,0,4,0,0,0,0,8
hyperons,1/2,51,0,1,0,0,0,0,8
hypertension,5/7,72,0,4,1,0,0,0,7
hypnoses,1/1,101,0,1,0,0,0,0,6
hypotension,2/2,101,0,2,0,0,0,0,11
hypoxia,4/13,31,0,4,0,0,0,0,7
hyrax,1/3,34,0,1,0,0,0,0,8
hyraxes,1/3,34,0,1,0,0,0,0,8
hysterectomies,3/3,101,0,3,0,0,0,0,6
hysterias,1/3,34,0,1,0,0,0,0,6
ibises,3/5,61,0,3,0,0,0,0,9
illiterates,1/3,34,0,1,0,0,0,0,5
immunes,1/2,51,0,1,0,0,0,0,5
immunologies,1/3,34,0,1,0,0,0,0,6
immunology,1/3,34,0,1,0,0,0,0,6
implants,8/18,45,0,5,3,0,0,0,9
incontinence,4/6,67,0,1,3,0,0,0,5
incorrectness,1/1,101,0,1,0,0,0,0,11
incrimination,1/1,101,0,1,0,0,0,0,6
infants,11/32,35,0,2,9,0,0,0,6
infarctions,1/3,34,0,1,0,0,0,0,4
infarcts,2/3,67,0,2,0,0,0,0,7
infinitives,1/1,101,0,1,0,0,0,0,7
inflations,2/4,51,0,2,0,0,0,0,7
influenzas,2/4,51,0,2,0,0,0,0,4
inks,8/8,101,0,7,1,0,0,0,9
insulins,1/4,26,0,1,0,0,0,0,8
integrals,2/2,101,0,2,0,0,0,0,11
intensities,4/13,31,0,3,1,0,0,0,8
interface,1/1,101,0,1,0,0,0,0,11
interfaces,1/1,101,0,1,0,0,0,0,11
interferon,3/3,101,0,3,0,0,0,0,6
interviews,3/3,101,0,3,0,0,0,0,9
intro,1/2,51,0,1,0,0,0,0,5
intros,1/2,51,0,1,0,0,0,0,5
inverses,2/3,67,0,2,0,0,0,0,10
iodides,4/4,101,0,4,0,0,0,0,9
iodin,2/2,101,0,2,0,0,0,0,6
iodines,2/2,101,0,2,0,0,0,0,5
irides,20/45,45,0,11,9,0,0,0,9
ism,144/214,68,0,56,77,10,1,0,9
isms,144/214,68,0,56,77,10,1,0,9
jackrabbit,3/5,61,0,3,0,0,0,0,10
jamb,1/2,51,0,1,0,0,0,0,5
jamming,3/3,101,0,3,0,0,0,0,8
jars,6/14,43,0,6,0,0,0,0,5
jasmine,5/10,51,0,5,0,0,0,0,8
jasmines,5/10,51,0,5,0,0,0,0,8
jaundices,2/4,51,0,2,0,0,0,0,15
jerboa,1/2,51,0,1,0,0,0,0,9
jerboas,1/2,51,0,1,0,0,0,0,9
jerkies,1/2,51,0,1,0,0,0,0,4
jib,1/1,101,0,1,0,0,0,0,8
jibs,1/1,101,0,1,0,0,0,0,8
joist,2/3,67,0,2,0,0,0,0,6
joists,2/3,67,0,2,0,0,0,0,6
jubilees,2/2,101,0,2,0,0,0,0,8
jugs,2/6,34,0,2,0,0,0,0,7
jugular,3/3,101,0,3,0,0,0,0,15
jugulars,3/3,101,0,3,0,0,0,0,15
jumper,1/4,26,0,1,0,0,0,0,6
jumpers,1/4,26,0,1,0,0,0,0,6
juncos,2/3,67,0,2,0,0,0,0,12
jungles,1/1,101,0,1,0,0,0,0,10
juries,6/6,101,0,6,0,0,0,0,8
kangaroos,12/25,49,0,6,6,0,0,0,6
keratosis,5/16,32,0,5,0,0,0,0,7
keratotomies,1/1,101,0,1,0,0,0,0,8
ketones,3/10,31,0,3,0,0,0,0,7
kettles,1/1,101,0,1,0,0,0,0,4
keyboards,4/7,58,0,3,1,0,0,0,5
kicker,3/4,76,0,3,0,0,0,0,4
kickers,3/4,76,0,3,0,0,0,0,4
kiln,3/5,61,0,3,0,0,0,0,4
kilns,3/5,61,0,3,0,0,0,0,4
kingfishers,2/7,29,0,2,0,0,0,0,5
kinglets,3/8,38,0,3,0,0,0,0,10
kits,2/3,67,0,2,0,0,0,0,7
knapweeds,6/9,67,0,6,0,0,0,0,7
knifes,28/44,64,0,18,10,0,0,0,6
krait,1/3,34,0,1,0,0,0,0,10
kraits,1/3,34,0,1,0,0,0,0,10
kudu,2/4,51,0,2,0,0,0,0,13
kudus,2/4,51,0,2,0,0,0,0,13
kumquats,4/8,51,0,4,0,0,0,0,7
labials,2/2,101,0,2,0,0,0,0,4
labor,3/4,76,0,3,0,0,0,0,9
labors,3/4,76,0,3,0,0,0,0,9
labs,9/9,101,0,9,0,0,0,0,11
lacewings,2/8,26,0,2,0,0,0,0,4
lamina,1/1,101,0,1,0,0,0,0,17
laminae,1/1,101,0,1,0,0,0,0,17
laminas,1/1,101,0,1,0,0,0,0,17
lampreys,1/2,51,0,1,0,0,0,0,8
landfills,1/1,101,0,1,0,0,0,0,10
larks,2/4,51,0,2,0,0,0,0,14
lathes,1/1,101,0,1,0,0,0,0,7
lattices,3/3,101,0,3,0,0,0,0,8
laureates,1/3,34,0,1,0,0,0,0,4
lavage,1/1,101,0,1,0,0,0,0,9
lavages,1/1,101,0,1,0,0,0,0,9
lavas,1/3,34,0,1,0,0,0,0,4
lavenders,4/8,51,0,4,0,0,0,0,10
leafs,59/83,72,0,19,33,7,0,0,8
ledger,3/5,61,0,3,0,0,0,0,6
ledgers,3/5,61,0,3,0,0,0,0,6
leeches,2/3,67,0,2,0,0,0,0,10
leewards,2/2,101,0,2,0,0,0,0,5
lefts,2/2,101,0,2,0,0,0,0,7
lemmings,9/14,65,0,8,1,0,0,0,11
leprosies,2/2,101,0,2,0,0,0,0,13
leukemias,21/24,88,0,9,12,0,0,0,14
libertarians,2/2,101,0,2,0,0,0,0,8
license,10/27,38,0,9,1,0,0,0,9
licenses,10/27,38,0,9,1,0,0,0,9
lichens,2/2,101,0,2,0,0,0,0,11
liens,10/10,101,0,7,3,0,0,0,11
lieutenants,5/5,101,0,5,0,0,0,0,5
ligaments,3/3,101,0,3,0,0,0,0,15
ligation,1/1,101,0,1,0,0,0,0,7
ligations,1/1,101,0,1,0,0,0,0,7
lightnings,3/5,61,0,3,0,0,0,0,4
limens,2/8,26,0,2,0,0,0,0,13
linings,3/6,51,0,3,0,0,0,0,6
lipectomies,1/2,51,0,1,0,0,0,0,6
lipoprotein,5/8,63,0,5,0,0,0,0,4
lithotomy,1/1,101,0,1,0,0,0,0,6
litigation,1/2,51,0,1,0,0,0,0,8
litigations,1/2,51,0,1,0,0,0,0,8
lizards,42/126,34,0,11,24,4,3,0,9
loafs,5/5,101,0,3,1,1,0,0,6
lobes,9/15,61,0,9,0,0,0,0,9
lobotomies,1/1,101,0,1,0,0,0,0,14
locomotives,6/18,34,0,4,2,0,0,0,5
locoweeds,1/3,34,0,1,0,0,0,0,8
lode,2/2,101,0,2,0,0,0,0,9
lodes,2/2,101,0,2,0,0,0,0,9
lofts,1/1,101,0,1,0,0,0,0,10
logarithms,3/3,101,0,3,0,0,0,0,9
logics,1/1,101,0,1,0,0,0,0,7
lores,1/2,51,0,1,0,0,0,0,8
lotions,3/6,51,0,3,0,0,0,0,5
louses,5/11,46,0,5,0,0,0,0,7
luminescence,2/2,101,0,2,0,0,0,0,5
lupines,4/13,31,0,4,0,0,0,0,8
lupins,4/13,31,0,4,0,0,0,0,9
lupus,5/8,63,0,5,0,0,0,0,12
lupuses,5/8,63,0,5,0,0,0,0,12
luxations,1/1,101,0,1,0,0,0,0,4
lyrics,1/1,101,0,1,0,0,0,0,6
lysin,1/1,101,0,1,0,0,0,0,5
lysins,1/1,101,0,1,0,0,0,0,5
macaroon,1/3,34,0,1,0,0,0,0,5
mackerels,2/2,101,0,2,0,0,0,0,8
madams,1/2,51,0,1,0,0,0,0,4
mag,4/9,45,0,4,0,0,0,0,8
magnetisms,6/6,101,0,5,1,0,0,0,6
magpies,2/4,51,0,2,0,0,0,0,9
mags,4/9,45,0,4,0,0,0,0,8
mahoganies,1/2,51,0,1,0,0,0,0,10
maidenhairs,12/20,61,0,9,3,0,0,0,9
maids,6/7,86,0,6,0,0,0,0,8
makings,4/5,81,0,4,0,0,0,0,5
mallows,31/125,25,0,17,14,0,0,0,8
mamba,2/3,67,0,1,1,0,0,0,11
mambas,2/3,67,0,1,1,0,0,0,11
manias,11/16,69,0,11,0,0,0,0,6
manifolds,3/3,101,0,3,0,0,0,0,8
mantes,1/3,34,0,1,0,0,0,0,9
mantid,1/3,34,0,1,0,0,0,0,9
mantids,1/3,34,0,1,0,0,0,0,9
mantises,1/3,34,0,1,0,0,0,0,9
manures,4/5,81,0,4,0,0,0,0,6
maples,1/1,101,0,1,0,0,0,0,12
mares,2/2,101,0,2,0,0,0,0,6
marigolds,4/6,67,0,4,0,0,0,0,7
mariposa,3/9,34,0,3,0,0,0,0,12
mariposas,3/9,34,0,3,0,0,0,0,12
marker,2/3,67,0,2,0,0,0,0,4
marlins,5/9,56,0,5,0,0,0,0,9
marmalades,1/1,101,0,1,0,0,0,0,8
marmoset,3/11,28,0,3,0,0,0,0,5
marmosets,3/11,28,0,3,0,0,0,0,5
marmots,3/10,31,0,3,0,0,0,0,8
marrows,4/4,101,0,4,0,0,0,0,9
marshs,1/1,101,0,1,0,0,0,0,6
martens,5/17,30,0,5,0,0,0,0,7
martinis,1/1,101,0,1,0,0,0,0,7
mashes,1/1,101,0,1,0,0,0,0,6
masonries,2/7,29,0,1,1,0,0,0,4
masquerades,1/3,34,0,1,0,0,0,0,5
masques,1/3,34,0,1,0,0,0,0,9
massages,3/8,38,0,3,0,0,0,0,5
mastectomies,3/3,101,0,3,0,0,0,0,11
mastectomy,3/3,101,0,3,0,0,0,0,11
mastiffs,1/1,101,0,1,0,0,0,0,9
matrixes,10/14,72,0,4,3,1,2,0,8
mayors,2/4,51,0,2,0,0,0,0,4
meadowlark,2/4,51,0,2,0,0,0,0,8
meadowlarks,2/4,51,0,2,0,0,0,0,8
mealybug,5/8,63,0,5,0,0,0,0,12
mealybugs,5/8,63,0,5,0,0,0,0,12
measles,2/4,51,0,2,0,0,0,0,7
melons,11/15,74,0,4,4,3,0,0,6
memos,1/2,51,0,1,0,0,0,0,10
mens,2/4,51,0,2,0,0,0,0,9
mergansers,5/11,46,0,5,0,0,0,0,8
mesons,4/9,45,0,4,0,0,0,0,4
mesquit,3/11,28,0,3,0,0,0,0,8
mesquites,3/11,28,0,3,0,0,0,0,7
meteors,5/8,63,0,2,3,0,0,0,5
methyls,1/2,51,0,1,0,0,0,0,7
microscope,9/14,65,0,2,6,1,0,0,7
microscopes,9/14,65,0,2,6,1,0,0,7
microscopies,2/5,41,0,2,0,0,0,0,14
militaries,1/2,51,0,1,0,0,0,0,4
milks,24/24,101,0,23,1,0,0,0,9
milkweeds,9/29,32,0,9,0,0,0,0,9
minings,3/3,101,0,3,0,0,0,0,8
mistletoes,1/3,34,0,1,0,0,0,0,13
moas,1/4,26,0,1,0,0,0,0,12
mobs,1/1,101,0,1,0,0,0,0,7
modems,1/1,101,0,1,0,0,0,0,10
mongooses,1/4,26,0,1,0,0,0,0,7
monogamies,1/2,51,0,1,0,0,0,0,4
monoxides,2/3,67,0,2,0,0,0,0,5
montages,1/1,101,0,1,0,0,0,0,6
mops,4/4,101,0,4,0,0,0,0,6
morels,10/22,46,0,9,1,0,0,0,9
morphines,1/1,101,0,1,0,0,0,0,4
mortgages,3/3,101,0,3,0,0,0,0,8
mosquitoes,5/12,42,0,5,0,0,0,0,8
mosquitos,5/12,42,0,5,0,0,0,0,8
mosses,5/8,63,0,5,0,0,0,0,8
moulds,1/3,34,0,1,0,0,0,0,5
mouses,13/21,62,0,6,7,0,0,0,10
mousse,1/1,101,0,1,0,0,0,0,11
mousses,1/1,101,0,1,0,0,0,0,11
muffins,2/3,67,0,2,0,0,0,0,4
mufti,1/1,101,0,1,0,0,0,0,7
muftis,1/1,101,0,1,0,0,0,0,7
mugwort,2/8,26,0,2,0,0,0,0,8
