công nghệ sinh học,1/4,26,1,0,0,0,0,0,12
thượng nghị sĩ,1/1,100,1,0,0,0,0,0,10
thuế thu nhập,1/3,34,1,0,0,0,0,0,5
kiến trúc sư,2/8,26,2,0,0,0,0,0,8
câu lạc bộ,27/36,76,23,4,0,0,0,0,10
chương trình,2/2,100,2,0,0,0,0,0,10
chiến thắng,9/34,27,9,0,0,0,0,0,8
chiến tranh,14/29,49,12,2,0,0,0,0,7
thương hiệu,1/4,26,1,0,0,0,0,0,5
tiểu thuyết,9/12,76,6,3,0,0,0,0,9
thị trường,5/8,63,5,0,0,0,0,0,11
thương mại,7/13,54,4,3,0,0,0,0,12
chính sách,22/64,35,6,14,2,0,0,0,11
điện thoại,15/19,79,13,2,0,0,0,0,8
hành khách,2/6,34,1,1,0,0,0,0,15
ngoại giao,3/6,50,3,0,0,0,0,0,14
phong trào,37/136,28,14,22,1,0,0,0,13
nghị quyết,1/1,100,1,0,0,0,0,0,6
thách thức,6/18,34,6,0,0,0,0,0,6
phòng khám,1/1,100,1,0,0,0,0,0,4
nhân chứng,6/9,67,6,0,0,0,0,0,9
trái phiếu,29/40,73,25,3,1,0,0,0,12
trực thăng,7/8,88,7,0,0,0,0,0,15
không quân,2/4,50,2,0,0,0,0,0,4
trung tâm,2/2,100,2,0,0,0,0,0,11
sinh viên,29/63,47,15,5,6,3,0,0,10
ngân hàng,19/30,64,17,1,1,0,0,0,11
giáo viên,18/57,32,13,5,0,0,0,0,6
khách sạn,10/31,33,9,1,0,0,0,0,11
ngân sách,2/4,50,2,0,0,0,0,0,14
danh sách,10/14,72,10,0,0,0,0,0,10
công viên,4/8,50,3,1,0,0,0,0,10
giấy phép,2/6,34,2,0,0,0,0,0,12
cách mạng,1/1,100,1,0,0,0,0,0,11
tài khoản,22/28,79,4,7,11,0,0,0,11
liên đoàn,7/28,26,7,0,0,0,0,0,6
người mẫu,5/8,63,3,2,0,0,0,0,8
thần kinh,92/110,84,30,62,0,0,0,0,11
giao thừa,1/1,100,1,0,0,0,0,0,13
công chúa,4/6,67,4,0,0,0,0,0,6
công đoàn,2/3,67,2,0,0,0,0,0,7
công thức,3/4,76,2,1,0,0,0,0,10
khách mời,1/4,26,1,0,0,0,0,0,7
thẩm phán,1/2,50,1,0,0,0,0,0,19
thuỷ tinh,1/3,34,1,0,0,0,0,0,9
hội chứng,28/76,37,28,0,0,0,0,0,11
chủng tộc,10/23,44,10,0,0,0,0,0,6
đường hầm,1/4,26,1,0,0,0,0,0,5
dây chằng,4/4,100,4,0,0,0,0,0,9
nghi phạm,1/3,34,1,0,0,0,0,0,14
tải trọng,1/4,26,1,0,0,0,0,0,22
gia đình,6/9,67,6,0,0,0,0,0,9
nhà nước,1/3,34,1,0,0,0,0,0,16
thí sinh,1/2,50,1,0,0,0,0,0,8
chủ tịch,2/3,67,2,0,0,0,0,0,9
kế hoạch,1/4,26,1,0,0,0,0,0,12
cảnh sát,20/48,42,18,2,0,0,0,0,7
quy định,1/4,26,1,0,0,0,0,0,6
quốc hội,2/7,29,2,0,0,0,0,0,8
đại diện,2/4,50,2,0,0,0,0,0,10
con trai,2/3,67,2,0,0,0,0,0,5
cửa hàng,59/121,49,55,4,0,0,0,0,9
ngôi sao,2/8,26,2,0,0,0,0,0,11
siêu thị,1/1,100,1,0,0,0,0,0,4
học viện,12/13,93,6,6,0,0,0,0,13
hôn nhân,9/30,30,7,2,0,0,0,0,12
âm thanh,1/1,100,1,0,0,0,0,0,18
thư viện,1/3,34,1,0,0,0,0,0,8
phản ứng,24/82,30,20,4,0,0,0,0,7
sở thích,1/4,26,1,0,0,0,0,0,10
nhiệm kỳ,5/6,84,5,0,0,0,0,0,9
hồi giáo,2/7,29,2,0,0,0,0,0,8
tiết mục,2/5,40,2,0,0,0,0,0,18
bước đầu,2/8,26,2,0,0,0,0,0,10
động tác,2/4,50,2,0,0,0,0,0,15
phi công,15/19,79,11,2,2,0,0,0,12
phong bì,2/3,67,2,0,0,0,0,0,12
hội viên,3/8,38,3,0,0,0,0,0,12
khán đài,4/7,58,4,0,0,0,0,0,14
cường độ,4/12,34,3,1,0,0,0,0,7
nữ hoàng,1/3,34,1,0,0,0,0,0,4
văn minh,15/23,66,11,4,0,0,0,0,12
thao tác,18/69,27,18,0,0,0,0,0,9
đạo luật,3/12,26,3,0,0,0,0,0,10
máy quay,3/3,100,3,0,0,0,0,0,12
khủng bố,22/27,82,22,0,0,0,0,0,17
bàn chân,2/4,50,2,0,0,0,0,0,7
dàn nhạc,2/7,29,2,0,0,0,0,0,6
tàu ngầm,7/7,100,7,0,0,0,0,0,16
du lịch,2/2,100,2,0,0,0,0,0,13
cầu thủ,60/226,27,8,22,20,10,0,0,11
dịch vụ,5/20,26,2,3,0,0,0,0,11
nhà máy,39/79,50,18,20,1,0,0,0,9
điện tử,2/8,26,2,0,0,0,0,0,6
ung thư,49/126,39,7,36,6,0,0,0,13
dữ liệu,3/3,100,3,0,0,0,0,0,6
lợi thế,1/4,26,1,0,0,0,0,0,16
bê tông,2/4,50,2,0,0,0,0,0,7
xi măng,2/2,100,2,0,0,0,0,0,9
tin tức,2/6,34,2,0,0,0,0,0,7
vi phạm,24/33,73,7,17,0,0,0,0,12
nhà trọ,2/4,50,2,0,0,0,0,0,9
bài tập,4/16,26,1,3,0,0,0,0,4
cổ đông,1/1,100,1,0,0,0,0,0,13
bạo lực,7/17,42,7,0,0,0,0,0,16
hội chợ,1/1,100,1,0,0,0,0,0,5
vệ tinh,2/2,100,2,0,0,0,0,0,5
tuần lễ,3/9,34,3,0,0,0,0,0,12
quản lý,5/8,63,5,0,0,0,0,0,8
thứ hai,2/4,50,2,0,0,0,0,0,17
điện kế,3/5,60,2,1,0,0,0,0,11
chỉ thị,1/1,100,1,0,0,0,0,0,15
rào cản,2/8,26,1,1,0,0,0,0,14
màn ảnh,2/2,100,2,0,0,0,0,0,9
tủ lạnh,4/8,50,3,1,0,0,0,0,4
dân chủ,4/8,50,4,0,0,0,0,0,13
đầu bếp,5/7,72,5,0,0,0,0,0,11
hơi thở,1/1,100,1,0,0,0,0,0,5
tù nhân,5/17,30,4,1,0,0,0,0,7
dấu vết,1/2,50,1,0,0,0,0,0,7
họ hàng,1/1,100,1,0,0,0,0,0,13
nội soi,5/20,26,5,0,0,0,0,0,14
bóng rổ,1/1,100,1,0,0,0,0,0,9
du kích,2/2,100,2,0,0,0,0,0,8
lựu đạn,2/2,100,2,0,0,0,0,0,11
từ điển,17/18,95,17,0,0,0,0,0,11
vận tốc,11/20,56,11,0,0,0,0,0,9
hải tặc,1/4,26,1,0,0,0,0,0,8
quy tắc,4/9,45,4,0,0,0,0,0,9
di chúc,2/8,26,2,0,0,0,0,0,6
vấn đề,3/3,100,3,0,0,0,0,0,24
bác sĩ,58/138,43,5,12,40,1,0,0,13
đơn vị,611/2340,27,57,392,139,23,0,0,7
bị cáo,3/10,30,3,0,0,0,0,0,8
cà phê,23/30,77,20,3,0,0,0,0,10
chủ đề,1/1,100,1,0,0,0,0,0,10
tế bào,118/271,44,25,30,35,11,4,13,8
lễ hội,15/41,37,15,0,0,0,0,0,12
da cam,1/2,50,0,1,0,0,0,0,6
tài xế,10/37,28,9,1,0,0,0,0,11
chị em,2/7,29,2,0,0,0,0,0,9
cử tri,5/8,63,5,0,0,0,0,0,13
xe tải,18/57,32,8,9,1,0,0,0,9
cửa sổ,4/4,100,4,0,0,0,0,0,8
bản đồ,14/19,74,11,3,0,0,0,0,10
mồ hôi,2/2,100,2,0,0,0,0,0,14
cao su,6/7,86,6,0,0,0,0,0,6
vũ trụ,2/4,50,2,0,0,0,0,0,8
lái xe,1/3,34,1,0,0,0,0,0,4
kẻ thù,1/1,100,1,0,0,0,0,0,22
dự báo,2/2,100,2,0,0,0,0,0,12
rủi ro,2/8,26,2,0,0,0,0,0,13
chu kỳ,2/2,100,2,0,0,0,0,0,7
mật độ,5/17,30,4,1,0,0,0,0,6
búp bê,6/10,60,6,0,0,0,0,0,7
bao bì,3/3,100,3,0,0,0,0,0,8
mặt nạ,11/16,69,4,4,3,0,0,0,13
xe lăn,1/3,34,1,0,0,0,0,0,8
nụ hôn,9/14,65,8,1,0,0,0,0,9
bộ đôi,2/2,100,2,0,0,0,0,0,10
thứ ba,2/3,67,2,0,0,0,0,0,19
tần số,13/35,38,6,7,0,0,0,0,7
cổ tức,2/4,50,2,0,0,0,0,0,12
xe lửa,7/22,32,3,4,0,0,0,0,12
dị ứng,7/10,70,7,0,0,0,0,0,11
đô la,16/62,26,15,1,0,0,0,0,9
kỹ sư,13/47,28,13,0,0,0,0,0,12
bộ đồ,3/8,38,3,0,0,0,0,0,9
võ sĩ,31/45,69,20,11,0,0,0,0,17
mô tô,2/7,29,2,0,0,0,0,0,9
sơ mi,5/19,27,5,0,0,0,0,0,8
ô tô,50/138,37,46,4,0,0,0,0,9
vitamin,37/123,31,2,17,18,0,0,0,7
trường,6/10,60,4,2,0,0,0,0,6
trưởng,58/162,36,4,40,6,5,3,0,11
giường,32/39,83,28,4,0,0,0,0,7
truyện,15/40,38,10,5,0,0,0,0,11
tháng,112/129,87,5,107,0,0,0,0,11
đường,42/167,26,10,9,4,11,8,0,7
ngành,19/36,53,19,0,0,0,0,0,13
khách,8/11,73,4,4,0,0,0,0,9
thuốc,4/14,29,3,1,0,0,0,0,9
khoản,5/8,63,5,0,0,0,0,0,11
trang,20/24,84,15,5,0,0,0,0,10
hướng,36/81,45,30,6,0,0,0,0,10
tranh,39/53,74,34,5,0,0,0,0,13
giọng,3/4,76,3,0,0,0,0,0,9
nghĩa,4/4,100,4,0,0,0,0,0,13
phiếu,12/29,42,12,0,0,0,0,0,10
tường,16/26,62,15,1,0,0,0,0,9
nghìn,1/1,100,1,0,0,0,0,0,5
khung,3/7,43,1,2,0,0,0,0,5
tướng,16/21,77,15,1,0,0,0,0,8
trống,5/8,63,5,0,0,0,0,0,6
giếng,13/14,93,6,7,0,0,0,0,13
tuyết,3/5,60,3,0,0,0,0,0,11
thang,22/36,62,13,9,0,0,0,0,11
xuồng,1/2,50,1,0,0,0,0,0,13
nhiệt,13/14,93,8,5,0,0,0,0,10
chanh,3/3,100,3,0,0,0,0,0,11
chuối,15/15,100,15,0,0,0,0,0,8
quặng,11/34,33,6,5,0,0,0,0,8
thước,3/5,60,3,0,0,0,0,0,6
triều,34/85,40,34,0,0,0,0,0,10
ngày,3/3,100,3,0,0,0,0,0,10
đồng,2/2,100,2,0,0,0,0,0,10
phim,34/42,81,24,9,1,0,0,0,9
giải,14/28,50,13,1,0,0,0,0,11
nhóm,48/130,37,40,8,0,0,0,0,7
bệnh,884/1833,49,47,277,328,136,65,31,13
cháu,2/5,40,2,0,0,0,0,0,4
tuần,7/9,78,7,0,0,0,0,0,15
phút,8/23,35,5,3,0,0,0,0,9
sách,5/8,63,3,2,0,0,0,0,12
châu,1/3,34,1,0,0,0,0,0,9
thuế,83/99,84,3,3,27,23,25,2,11
luật,48/61,79,29,16,3,0,0,0,11
giấy,137/292,47,79,48,9,1,0,0,8
chân,1/4,26,1,0,0,0,0,0,4
làng,4/6,67,0,4,0,0,0,0,7
mạng,8/11,73,1,7,0,0,0,0,9
vàng,7/8,88,7,0,0,0,0,0,7
ngôi,3/3,100,3,0,0,0,0,0,12
đảng,58/62,94,52,6,0,0,0,0,14
phép,15/50,30,13,2,0,0,0,0,9
trạm,25/67,38,8,14,3,0,0,0,10
xăng,3/4,76,3,0,0,0,0,0,7
lượt,1/3,34,1,0,0,0,0,0,6
bằng,34/141,25,10,24,0,0,0,0,11
rượu,25/68,37,18,6,1,0,0,0,9
cảng,1/3,34,1,0,0,0,0,0,6
bánh,1/2,50,1,0,0,0,0,0,12
băng,3/6,50,3,0,0,0,0,0,8
chức,124/347,36,107,17,0,0,0,0,16
súng,13/45,29,13,0,0,0,0,0,12
cổng,4/11,37,4,0,0,0,0,0,8
đồng,2/2,100,2,0,0,0,0,0,10
kịch,7/8,88,7,0,0,0,0,0,21
thép,53/59,90,25,26,2,0,0,0,10
giây,2/2,100,2,0,0,0,0,0,7
than,16/18,89,13,3,0,0,0,0,6
khâu,4/4,100,4,0,0,0,0,0,8
tiệc,39/69,57,23,15,1,0,0,0,12
cước,1/2,50,1,0,0,0,0,0,16
kính,58/88,66,14,29,15,0,0,0,11
khớp,56/83,68,5,30,21,0,0,0,11
lịch,26/31,84,10,13,3,0,0,0,11
ruột,10/22,46,2,4,4,0,0,0,9
gạch,9/11,82,9,0,0,0,0,0,8
quần,48/55,88,37,11,0,0,0,0,9
ngôi,3/3,100,3,0,0,0,0,0,12
diều,4/4,100,4,0,0,0,0,0,9
liều,8/27,30,8,0,0,0,0,0,10
quầy,17/26,66,7,10,0,0,0,0,12
trùm,2/4,50,2,0,0,0,0,0,16
đích,3/4,76,1,2,0,0,0,0,14
thác,3/3,100,3,0,0,0,0,0,7
phao,11/12,92,7,4,0,0,0,0,8
trục,20/20,100,15,5,0,0,0,0,8
phân,7/7,100,7,0,0,0,0,0,7
phái,3/11,28,3,0,0,0,0,0,12
chảo,16/27,60,14,2,0,0,0,0,8
băng,3/6,50,3,0,0,0,0,0,8
chăn,4/9,45,4,0,0,0,0,0,11
sinh,3/5,60,3,0,0,0,0,0,8
kiếm,11/21,53,8,3,0,0,0,0,8
hành,4/5,80,4,0,0,0,0,0,5
năm,1/3,34,1,0,0,0,0,0,5
anh,3/10,30,3,0,0,0,0,0,9
thứ,12/38,32,0,8,4,0,0,0,12
đất,74/113,66,46,27,1,0,0,0,10
con,36/86,42,12,8,11,5,0,0,10
con,36/86,42,12,8,11,5,0,0,10
giờ,38/112,34,26,12,0,0,0,0,10
chị,5/7,72,5,0,0,0,0,0,12
trẻ,12/19,64,12,0,0,0,0,0,8
bài,14/18,78,4,10,0,0,0,0,13
tên,3/3,100,3,0,0,0,0,0,7
mùa,23/27,86,21,2,0,0,0,0,13
đêm,4/4,100,4,0,0,0,0,0,14
tin,28/46,61,12,10,6,0,0,0,11
màu,219/387,57,12,36,136,35,0,0,8
chủ,20/27,75,13,3,4,0,0,0,12
sân,2/6,34,2,0,0,0,0,0,10
đôi,2/2,100,2,0,0,0,0,0,13
năm,1/3,34,1,0,0,0,0,0,5
gái,26/77,34,23,3,0,0,0,0,10
chợ,4/4,100,4,0,0,0,0,0,10
mối,8/10,80,6,2,0,0,0,0,17
dầu,1/1,100,1,0,0,0,0,0,5
đơn,6/12,50,6,0,0,0,0,0,15
căn,16/21,77,16,0,0,0,0,0,15
đèn,4/7,58,2,2,0,0,0,0,11
quà,15/17,89,10,5,0,0,0,0,16
món,150/604,25,83,51,14,2,0,0,12
gốc,39/130,30,33,6,0,0,0,0,8
thẻ,1/1,100,1,0,0,0,0,0,11
gió,94/111,85,56,38,0,0,0,0,10
thư,35/47,75,30,5,0,0,0,0,10
góc,47/83,57,39,8,0,0,0,0,8
món,150/604,25,83,51,14,2,0,0,12
tóc,80/155,52,11,46,23,0,0,0,9
bãi,1/1,100,1,0,0,0,0,0,5
hạt,5/16,32,1,0,3,1,0,0,7
sao,1/1,100,1,0,0,0,0,0,9
khí,62/250,25,36,21,5,0,0,0,9
anh,3/10,30,3,0,0,0,0,0,9
tài,10/37,28,9,1,0,0,0,0,14
sắt,20/32,63,13,7,0,0,0,0,7
bếp,7/10,70,7,0,0,0,0,0,5
thợ,10/14,72,10,0,0,0,0,0,13
sợi,9/22,41,7,2,0,0,0,0,8
phe,1/2,50,1,0,0,0,0,0,15
váy,15/23,66,14,1,0,0,0,0,9
bia,13/15,87,10,3,0,0,0,0,10
tôm,1/1,100,1,0,0,0,0,0,5
mụn,3/12,26,1,2,0,0,0,0,5
hơi,6/10,60,2,4,0,0,0,0,11
đạn,11/12,92,11,0,0,0,0,0,8
hầm,1/4,26,1,0,0,0,0,0,11
cúp,2/4,50,2,0,0,0,0,0,14
gối,3/3,100,3,0,0,0,0,0,4
dao,52/57,92,36,16,0,0,0,0,9
gan,3/4,76,3,0,0,0,0,0,9
tre,13/35,38,13,0,0,0,0,0,10
bạc,4/4,100,4,0,0,0,0,0,16
bút,21/40,53,8,13,0,0,0,0,8
nếp,3/9,34,2,1,0,0,0,0,9
cáp,6/8,76,5,1,0,0,0,0,11
gốm,5/10,50,5,0,0,0,0,0,9
môi,2/4,50,2,0,0,0,0,0,12
toa,16/19,85,16,0,0,0,0,0,14
phà,2/2,100,2,0,0,0,0,0,13
bìa,9/18,50,8,1,0,0,0,0,9
lợn,1/1,100,1,0,0,0,0,0,5
tên,3/3,100,3,0,0,0,0,0,7
lực,43/108,40,27,14,2,0,0,0,11
nắp,9/13,70,7,2,0,0,0,0,5
loa,6/9,67,6,0,0,0,0,0,10
mồi,1/2,50,1,0,0,0,0,0,10
rùa,61/70,88,19,35,7,0,0,0,12
van,13/13,100,4,3,6,0,0,0,10
bẫy,1/2,50,1,0,0,0,0,0,7
đùi,1/3,34,1,0,0,0,0,0,8
men,15/20,76,4,5,6,0,0,0,10
gen,33/45,74,28,5,0,0,0,0,11
cua,41/43,96,22,19,0,0,0,0,12
kẹo,77/98,79,53,24,0,0,0,0,9
rắn,217/260,84,10,90,87,29,1,0,12
mía,1/1,100,1,0,0,0,0,0,5
hàm,23/87,27,9,14,0,0,0,0,9
mối,8/10,80,6,2,0,0,0,0,17
ong,21/28,76,14,7,0,0,0,0,11
củi,6/13,47,5,1,0,0,0,0,14
hẹn,4/4,100,4,0,0,0,0,0,12
chị,5/7,72,5,0,0,0,0,0,12
bài,14/18,78,4,10,0,0,0,0,13
mứt,8/13,62,3,4,1,0,0,0,5
gậy,6/8,76,3,3,0,0,0,0,7
dép,3/7,43,3,0,0,0,0,0,7
sụn,7/10,70,7,0,0,0,0,0,7
búa,6/6,100,6,0,0,0,0,0,7
gân,2/2,100,2,0,0,0,0,0,7
lốc,2/2,100,2,0,0,0,0,0,9
nho,16/23,70,14,2,0,0,0,0,10
tật,45/137,33,3,27,9,3,3,0,13
lao,11/17,65,11,0,0,0,0,0,8
táo,2/6,34,2,0,0,0,0,0,11
bọt,1/2,50,1,0,0,0,0,0,7
cừu,23/24,96,8,15,0,0,0,0,10
vòi,4/8,50,4,0,0,0,0,0,7
cam,14/17,83,14,0,0,0,0,0,12
ba,14/14,100,1,13,0,0,0,0,10
da,55/64,86,47,8,0,0,0,0,9
vé,14/15,94,11,3,0,0,0,0,11
lễ,33/56,59,17,16,0,0,0,0,15
án,3/6,50,3,0,0,0,0,0,22
vị,3/4,76,3,0,0,0,0,0,7
cú,11/26,43,11,0,0,0,0,0,10
gỗ,143/264,55,121,17,5,0,0,0,11
lá,2/2,100,2,0,0,0,0,0,8
gà,14/15,94,10,4,0,0,0,0,14
cổ,1/1,100,1,0,0,0,0,0,4
ba,14/14,100,1,13,0,0,0,0,10
bò,1/3,34,1,0,0,0,0,0,7
cờ,8/8,100,6,2,0,0,0,0,11
lá,2/2,100,2,0,0,0,0,0,8
mỏ,1/2,50,1,0,0,0,0,0,6
lò,6/8,76,6,0,0,0,0,0,8
mỡ,1/1,100,1,0,0,0,0,0,14
tù,6/9,67,6,0,0,0,0,0,7
sử,15/31,49,10,5,0,0,0,0,11
tủ,5/8,63,4,1,0,0,0,0,10
vị,3/4,76,3,0,0,0,0,0,7
mộ,6/15,40,3,3,0,0,0,0,7
củ,2/5,40,2,0,0,0,0,0,7
âm,1/1,100,1,0,0,0,0,0,24
hổ,3/3,100,3,0,0,0,0,0,7
mô,1/2,50,1,0,0,0,0,0,8
dế,1/2,50,1,0,0,0,0,0,21
mủ,1/1,100,1,0,0,0,0,0,6
cọ,97/155,63,19,66,12,0,0,0,11
dê,23/24,96,10,13,0,0,0,0,9
ba,14/14,100,1,13,0,0,0,0,10
mì,19/22,87,19,0,0,0,0,0,15
óc,1/2,50,1,0,0,0,0,0,6
m,1/1,100,1,0,0,0,0,0,9
ý,12/49,25,12,0,0,0,0,0,12
u,2/2,100,2,0,0,0,0,0,17
