grand piano,3/8,38,0,3,0,0,0,0,4
red oak,4/10,40,0,4,0,0,0,0,8
screwdriver,4/4,100,0,4,0,0,0,0,11
sparrow,3/5,60,0,3,0,0,0,0,8
guitar,5/12,42,0,5,0,0,0,0,4
salmon,12/25,48,0,10,2,0,0,0,6
piano,8/16,50,0,4,4,0,0,0,7
shirt,8/17,48,0,8,0,0,0,0,4
table,7/10,70,0,6,1,0,0,0,11
chair,31/48,65,0,17,13,1,0,0,7
truck,15/48,32,0,10,5,0,0,0,6
maple,1/1,100,0,1,0,0,0,0,11
trout,3/3,100,0,3,0,0,0,0,7
eagle,14/25,56,0,7,7,0,0,0,9
drum,5/14,36,0,5,0,0,0,0,4
lamp,27/68,40,0,19,7,1,0,0,8
car,21/76,28,0,19,2,0,0,0,6
bus,3/5,60,0,3,0,0,0,0,9
oak,2/2,100,0,2,0,0,0,0,6
